0 5 0.012821
0 7 0.022727
0 9 0.015152
0 27 0.052632
0 30 0.047619
0 61 0.083333
0 67 0.066667
0 71 0.066667
0 75 0.055556
0 82 0.05
0 83 0.076923
0 141 0.2
0 145 0.166667
0 180 0.142857
0 193 0.111111
0 197 0.111111
0 285 0.2
0 331 0.2
0 344 0.2
0 403 0.2
0 449 0.2
1 5 0.012821
1 6 0.022727
1 8 0.017544
1 9 0.015152
1 10 0.017857
1 15 0.023256
1 18 0.029412
1 19 0.030303
1 21 0.058824
1 23 0.071429
1 29 0.05
1 31 0.047619
1 34 0.0625
1 38 0.043478
1 43 0.034483
1 45 0.05
1 49 0.045455
1 50 0.0625
1 54 0.055556
1 57 0.090909
1 60 0.0625
1 72 0.058824
1 73 0.076923
1 85 0.111111
1 94 0.076923
1 97 0.125
1 98 0.111111
1 129 0.111111
1 130 0.111111
1 135 0.111111
1 148 0.2
1 153 0.142857
1 173 0.111111
1 177 0.066667
1 178 0.142857
1 181 0.090909
1 191 0.1
1 199 0.166667
1 201 0.083333
1 207 0.166667
1 216 0.166667
1 223 0.142857
1 231 0.125
1 241 0.125
1 271 0.142857
1 285 0.2
1 307 0.2
1 347 0.2
1 378 0.142857
1 395 0.2
1 421 0.2
1 429 0.2
1 436 0.166667
1 450 0.2
1 456 0.2
2 5 0.012821
2 6 0.022727
2 12 0.02381
2 17 0.030303
2 19 0.030303
2 25 0.052632
2 30 0.047619
2 81 0.090909
2 98 0.111111
2 102 0.111111
2 193 0.111111
2 201 0.083333
2 252 0.166667
2 302 0.142857
2 404 0.2
2 434 0.2
2 435 0.2
2 447 0.2
3 5 0.012821
3 6 0.022727
3 7 0.022727
3 8 0.017544
3 11 0.034483
3 12 0.02381
3 16 0.03125
3 20 0.032258
3 34 0.0625
3 35 0.111111
3 47 0.058824
3 61 0.083333
3 65 0.041667
3 66 0.076923
3 67 0.066667
3 72 0.058824
3 82 0.05
3 90 0.1
3 140 0.090909
3 142 0.1
3 164 0.076923
3 172 0.166667
3 176 0.111111
3 179 0.125
3 205 0.2
3 246 0.166667
3 253 0.142857
3 259 0.1
3 267 0.125
3 274 0.166667
3 327 0.2
3 348 0.2
3 368 0.142857
3 380 0.2
3 396 0.2
3 418 0.2
3 441 0.2
3 464 0.2
3 473 0.2
4 5 0.012821
4 6 0.022727
4 7 0.022727
4 9 0.015152
4 13 0.014925
4 15 0.023256
4 17 0.030303
4 18 0.029412
4 21 0.058824
4 23 0.071429
4 31 0.047619
4 37 0.047619
4 46 0.035714
4 53 0.090909
4 59 0.055556
4 73 0.076923
4 75 0.055556
4 80 0.083333
4 83 0.076923
4 85 0.111111
4 86 0.066667
4 88 0.111111
4 94 0.076923
4 105 0.055556
4 107 0.071429
4 139 0.0625
4 141 0.2
4 150 0.1
4 166 0.111111
4 172 0.166667
4 176 0.111111
4 217 0.142857
4 230 0.1
4 247 0.142857
4 252 0.166667
4 278 0.2
4 292 0.2
4 352 0.166667
4 388 0.2
4 408 0.2
4 461 0.2
5 6 0.022727
5 7 0.022727
5 8 0.017544
5 10 0.017857
5 11 0.034483
5 13 0.014925
5 16 0.03125
5 19 0.030303
5 20 0.032258
5 24 0.043478
5 25 0.052632
5 28 0.066667
5 29 0.05
5 30 0.047619
5 31 0.047619
5 32 0.142857
5 34 0.0625
5 38 0.043478
5 41 0.0625
5 45 0.05
5 47 0.058824
5 48 0.066667
5 51 0.071429
5 52 0.05
5 53 0.090909
5 66 0.076923
5 67 0.066667
5 72 0.058824
5 77 0.111111
5 91 0.125
5 93 0.083333
5 104 0.142857
5 108 0.083333
5 110 0.111111
5 111 0.090909
5 119 0.055556
5 120 0.142857
5 124 0.090909
5 126 0.142857
5 132 0.166667
5 136 0.166667
5 144 0.05
5 146 0.111111
5 157 0.111111
5 166 0.111111
5 174 0.125
5 197 0.111111
5 204 0.1
5 205 0.2
5 241 0.125
5 249 0.2
5 255 0.166667
5 264 0.125
5 268 0.166667
5 279 0.142857
5 280 0.142857
5 282 0.125
5 286 0.166667
5 287 0.166667
5 313 0.166667
5 367 0.142857
5 372 0.2
5 389 0.2
5 390 0.166667
5 395 0.2
5 398 0.166667
5 402 0.2
5 405 0.166667
5 409 0.166667
5 439 0.2
5 441 0.2
5 463 0.2
5 467 0.2
6 7 0.022727
6 8 0.017544
6 9 0.015152
6 10 0.017857
6 13 0.014925
6 14 0.045455
6 20 0.032258
6 22 0.037037
6 24 0.043478
6 31 0.047619
6 39 0.030303
6 42 0.083333
6 44 0.090909
6 45 0.05
6 46 0.035714
6 49 0.045455
6 51 0.071429
6 58 0.142857
6 68 0.043478
6 80 0.083333
6 100 0.125
6 101 0.166667
6 111 0.090909
6 121 0.1
6 195 0.142857
6 196 0.166667
6 221 0.125
6 227 0.125
6 237 0.142857
6 244 0.111111
6 257 0.142857
6 271 0.142857
6 297 0.166667
6 338 0.166667
6 344 0.2
6 379 0.166667
6 410 0.2
6 436 0.166667
6 454 0.2
7 8 0.017544
7 9 0.015152
7 10 0.017857
7 11 0.034483
7 12 0.02381
7 16 0.03125
7 17 0.030303
7 18 0.029412
7 24 0.043478
7 37 0.047619
7 40 0.090909
7 51 0.071429
7 67 0.066667
7 71 0.066667
7 84 0.045455
7 126 0.142857
7 129 0.111111
7 147 0.166667
7 154 0.1
7 157 0.111111
7 158 0.1
7 176 0.111111
7 179 0.125
7 204 0.1
7 216 0.166667
7 223 0.142857
7 230 0.1
7 234 0.142857
7 244 0.111111
7 248 0.142857
7 260 0.2
7 274 0.166667
7 276 0.142857
7 332 0.166667
7 379 0.166667
7 437 0.2
7 439 0.2
7 455 0.2
7 457 0.2
8 11 0.034483
8 12 0.02381
8 13 0.014925
8 14 0.045455
8 15 0.023256
8 16 0.03125
8 26 0.055556
8 31 0.047619
8 33 0.04
8 41 0.0625
8 45 0.05
8 49 0.045455
8 53 0.090909
8 63 0.1
8 71 0.066667
8 77 0.111111
8 78 0.111111
8 93 0.083333
8 95 0.083333
8 99 0.055556
8 101 0.166667
8 104 0.142857
8 114 0.083333
8 121 0.1
8 124 0.090909
8 142 0.1
8 163 0.166667
8 169 0.125
8 180 0.142857
8 194 0.125
8 204 0.1
8 206 0.090909
8 214 0.111111
8 225 0.1
8 235 0.142857
8 256 0.142857
8 295 0.1
8 297 0.166667
8 298 0.142857
8 321 0.166667
8 326 0.2
8 361 0.2
8 387 0.166667
8 419 0.166667
8 425 0.2
8 438 0.2
8 451 0.2
8 456 0.2
8 462 0.2
8 466 0.2
8 467 0.2
8 469 0.2
9 10 0.017857
9 11 0.034483
9 13 0.014925
9 14 0.045455
9 15 0.023256
9 17 0.030303
9 21 0.058824
9 25 0.052632
9 28 0.066667
9 29 0.05
9 30 0.047619
9 32 0.142857
9 35 0.111111
9 42 0.083333
9 44 0.090909
9 56 0.066667
9 65 0.041667
9 69 0.142857
9 70 0.090909
9 73 0.076923
9 78 0.111111
9 81 0.090909
9 85 0.111111
9 86 0.066667
9 95 0.083333
9 100 0.125
9 106 0.1
9 107 0.071429
9 110 0.111111
9 111 0.090909
9 126 0.142857
9 129 0.111111
9 131 0.111111
9 143 0.111111
9 151 0.090909
9 163 0.166667
9 164 0.076923
9 178 0.142857
9 186 0.125
9 190 0.166667
9 196 0.166667
9 210 0.111111
9 215 0.142857
9 238 0.2
9 242 0.125
9 256 0.142857
9 270 0.166667
9 321 0.166667
9 327 0.2
9 328 0.125
9 337 0.166667
9 339 0.166667
9 350 0.2
9 354 0.142857
9 359 0.166667
9 399 0.2
9 416 0.2
9 429 0.2
9 430 0.2
9 450 0.2
9 471 0.2
10 12 0.02381
10 20 0.032258
10 21 0.058824
10 28 0.066667
10 29 0.05
10 33 0.04
10 35 0.111111
10 37 0.047619
10 39 0.030303
10 40 0.090909
10 47 0.058824
10 50 0.0625
10 61 0.083333
10 64 0.142857
10 65 0.041667
10 70 0.090909
10 72 0.058824
10 79 0.076923
10 83 0.076923
10 89 0.142857
10 97 0.125
10 127 0.076923
10 148 0.2
10 161 0.142857
10 166 0.111111
10 167 0.076923
10 168 0.1
10 181 0.090909
10 215 0.142857
10 240 0.166667
10 245 0.125
10 248 0.142857
10 264 0.125
10 268 0.166667
10 276 0.142857
10 283 0.2
10 297 0.166667
10 301 0.142857
10 328 0.125
10 334 0.2
10 338 0.166667
10 348 0.2
10 364 0.2
10 368 0.142857
10 402 0.2
10 423 0.166667
10 430 0.2
10 444 0.2
10 457 0.2
10 461 0.2
10 465 0.2
11 22 0.037037
11 46 0.035714
11 55 0.058824
11 57 0.090909
11 60 0.0625
11 68 0.043478
11 73 0.076923
11 95 0.083333
11 96 0.125
11 115 0.090909
11 116 0.083333
11 122 0.142857
11 148 0.2
11 151 0.090909
11 154 0.1
11 197 0.111111
11 199 0.166667
11 281 0.2
11 305 0.2
11 324 0.166667
11 379 0.166667
11 403 0.2
11 415 0.166667
11 438 0.2
12 14 0.045455
12 15 0.023256
12 19 0.030303
12 24 0.043478
12 25 0.052632
12 32 0.142857
12 39 0.030303
12 49 0.045455
12 62 0.083333
12 66 0.076923
12 77 0.111111
12 81 0.090909
12 84 0.045455
12 87 0.0625
12 94 0.076923
12 164 0.076923
12 190 0.166667
12 196 0.166667
12 226 0.166667
12 236 0.142857
12 244 0.111111
12 265 0.142857
12 277 0.166667
12 283 0.2
12 299 0.166667
12 325 0.166667
12 342 0.2
12 345 0.2
12 378 0.142857
12 389 0.2
12 419 0.166667
12 425 0.2
12 426 0.2
12 449 0.2
12 454 0.2
12 457 0.2
12 459 0.166667
13 14 0.045455
13 17 0.030303
13 18 0.029412
13 22 0.037037
13 26 0.055556
13 27 0.052632
13 33 0.04
13 34 0.0625
13 38 0.043478
13 42 0.083333
13 48 0.066667
13 50 0.0625
13 57 0.090909
13 64 0.142857
13 82 0.05
13 91 0.125
13 126 0.142857
13 132 0.166667
13 158 0.1
13 159 0.166667
13 168 0.1
13 170 0.125
13 172 0.166667
13 179 0.125
13 180 0.142857
13 188 0.142857
13 197 0.111111
13 203 0.125
13 224 0.111111
13 226 0.166667
13 233 0.2
13 239 0.2
13 252 0.166667
13 265 0.142857
13 267 0.125
13 268 0.166667
13 274 0.166667
13 282 0.125
13 289 0.142857
13 291 0.142857
13 297 0.166667
13 299 0.166667
13 300 0.166667
13 302 0.142857
13 308 0.142857
13 309 0.2
13 311 0.125
13 314 0.166667
13 325 0.166667
13 330 0.166667
13 338 0.166667
13 340 0.125
13 342 0.2
13 362 0.125
13 364 0.2
13 371 0.2
13 384 0.2
13 415 0.166667
13 417 0.2
13 421 0.2
13 428 0.2
13 455 0.2
14 16 0.03125
14 18 0.029412
14 23 0.071429
14 36 0.0625
14 38 0.043478
14 41 0.0625
14 51 0.071429
14 74 0.111111
14 81 0.090909
14 94 0.076923
14 101 0.166667
14 109 0.066667
14 192 0.125
14 225 0.1
14 247 0.142857
14 401 0.166667
14 425 0.2
15 24 0.043478
15 26 0.055556
15 27 0.052632
15 37 0.047619
15 43 0.034483
15 44 0.090909
15 50 0.0625
15 55 0.058824
15 56 0.066667
15 60 0.0625
15 69 0.142857
15 71 0.066667
15 76 0.058824
15 89 0.142857
15 92 0.0625
15 105 0.055556
15 112 0.111111
15 113 0.090909
15 114 0.083333
15 118 0.125
15 140 0.090909
15 141 0.2
15 163 0.166667
15 167 0.076923
15 183 0.142857
15 194 0.125
15 200 0.142857
15 224 0.111111
15 245 0.125
15 253 0.142857
15 262 0.166667
15 266 0.142857
15 321 0.166667
15 322 0.166667
15 367 0.142857
15 388 0.2
15 442 0.2
15 465 0.2
16 22 0.037037
16 28 0.066667
16 38 0.043478
16 55 0.058824
16 58 0.142857
16 59 0.055556
16 62 0.083333
16 64 0.142857
16 66 0.076923
16 68 0.043478
16 75 0.055556
16 80 0.083333
16 82 0.05
16 107 0.071429
16 142 0.1
16 152 0.1
16 177 0.066667
16 185 0.1
16 201 0.083333
16 205 0.2
16 220 0.166667
16 232 0.142857
16 239 0.2
16 267 0.125
16 295 0.1
16 417 0.2
16 472 0.2
17 19 0.030303
17 20 0.032258
17 26 0.055556
17 32 0.142857
17 37 0.047619
17 46 0.035714
17 53 0.090909
17 62 0.083333
17 63 0.1
17 74 0.111111
17 80 0.083333
17 89 0.142857
17 90 0.1
17 102 0.111111
17 105 0.055556
17 149 0.125
17 223 0.142857
17 234 0.142857
17 278 0.2
17 281 0.2
17 298 0.142857
17 351 0.142857
17 354 0.142857
17 365 0.2
17 371 0.2
17 374 0.166667
17 412 0.166667
17 423 0.166667
18 21 0.058824
18 27 0.052632
18 32 0.142857
18 34 0.0625
18 35 0.111111
18 42 0.083333
18 43 0.034483
18 55 0.058824
18 58 0.142857
18 60 0.0625
18 76 0.058824
18 84 0.045455
18 88 0.111111
18 97 0.125
18 122 0.142857
18 128 0.071429
18 137 0.111111
18 143 0.111111
18 145 0.166667
18 157 0.111111
18 161 0.142857
18 185 0.1
18 189 0.142857
18 191 0.1
18 229 0.142857
18 244 0.111111
18 284 0.142857
18 357 0.2
18 405 0.166667
19 22 0.037037
19 25 0.052632
19 30 0.047619
19 33 0.04
19 35 0.111111
19 65 0.041667
19 91 0.125
19 103 0.090909
19 109 0.066667
19 111 0.090909
19 156 0.076923
19 159 0.166667
19 163 0.166667
19 192 0.125
19 235 0.142857
19 269 0.142857
19 292 0.2
19 306 0.2
19 318 0.142857
19 347 0.2
19 351 0.142857
19 365 0.2
19 373 0.166667
19 383 0.2
19 392 0.2
19 412 0.166667
19 441 0.2
19 469 0.2
20 23 0.071429
20 27 0.052632
20 28 0.066667
20 36 0.0625
20 44 0.090909
20 45 0.05
20 86 0.066667
20 88 0.111111
20 116 0.083333
20 135 0.111111
20 139 0.0625
20 140 0.090909
20 142 0.1
20 154 0.1
20 162 0.166667
20 175 0.1
20 194 0.125
20 293 0.125
20 301 0.142857
20 307 0.2
20 316 0.2
20 329 0.166667
20 339 0.166667
20 347 0.2
20 380 0.2
20 474 0.2
21 23 0.071429
21 52 0.05
21 54 0.055556
21 68 0.043478
21 115 0.090909
21 237 0.142857
21 270 0.166667
21 275 0.142857
21 307 0.2
21 332 0.166667
21 337 0.166667
21 431 0.2
22 33 0.04
22 36 0.0625
22 49 0.045455
22 88 0.111111
22 89 0.142857
22 99 0.055556
22 103 0.090909
22 108 0.083333
22 115 0.090909
22 173 0.111111
22 189 0.142857
22 200 0.142857
22 212 0.111111
22 228 0.142857
22 244 0.111111
22 273 0.166667
22 304 0.166667
22 391 0.2
22 416 0.2
22 438 0.2
22 450 0.2
22 452 0.2
23 76 0.058824
23 113 0.090909
23 114 0.083333
23 181 0.090909
23 194 0.125
23 200 0.142857
23 396 0.2
23 431 0.2
23 460 0.2
24 36 0.0625
24 51 0.071429
24 52 0.05
24 98 0.111111
24 167 0.076923
24 192 0.125
24 217 0.142857
24 250 0.166667
24 263 0.111111
24 273 0.166667
24 275 0.142857
24 312 0.2
24 325 0.166667
24 335 0.2
24 337 0.166667
24 402 0.2
24 404 0.2
24 413 0.2
25 26 0.055556
25 29 0.05
25 53 0.090909
25 107 0.071429
25 115 0.090909
25 118 0.125
25 127 0.076923
25 208 0.142857
25 220 0.166667
25 221 0.125
25 247 0.142857
25 267 0.125
25 277 0.166667
25 362 0.125
26 36 0.0625
26 40 0.090909
26 43 0.034483
26 55 0.058824
26 58 0.142857
26 76 0.058824
26 79 0.076923
26 122 0.142857
26 162 0.166667
26 202 0.2
26 279 0.142857
26 301 0.142857
26 445 0.166667
27 39 0.030303
27 63 0.1
27 83 0.076923
27 116 0.083333
27 122 0.142857
27 132 0.166667
27 155 0.058824
27 172 0.166667
27 217 0.142857
27 226 0.166667
27 238 0.2
27 309 0.2
27 312 0.2
27 406 0.166667
28 47 0.058824
28 104 0.142857
28 160 0.111111
28 203 0.125
28 260 0.2
28 265 0.142857
28 289 0.142857
28 354 0.142857
28 365 0.2
28 420 0.2
29 67 0.066667
29 68 0.043478
29 83 0.076923
29 124 0.090909
29 125 0.090909
29 130 0.111111
29 160 0.111111
29 173 0.111111
29 175 0.1
29 186 0.125
29 221 0.125
29 266 0.142857
29 273 0.166667
29 279 0.142857
29 473 0.2
30 39 0.030303
30 52 0.05
30 70 0.090909
30 74 0.111111
30 95 0.083333
30 97 0.125
30 106 0.1
30 117 0.2
30 123 0.0625
30 169 0.125
30 173 0.111111
30 196 0.166667
30 294 0.142857
30 366 0.2
30 413 0.2
30 448 0.2
31 41 0.0625
31 76 0.058824
31 102 0.111111
31 140 0.090909
31 178 0.142857
31 182 0.142857
31 202 0.2
31 208 0.142857
31 212 0.111111
31 226 0.166667
31 234 0.142857
31 256 0.142857
31 374 0.166667
31 391 0.2
31 399 0.2
31 434 0.2
32 40 0.090909
32 127 0.076923
33 46 0.035714
33 54 0.055556
33 77 0.111111
33 103 0.090909
33 108 0.083333
33 122 0.142857
33 128 0.071429
33 131 0.111111
33 134 0.076923
33 212 0.111111
33 233 0.2
33 349 0.142857
33 358 0.2
33 419 0.166667
33 427 0.2
33 453 0.2
33 456 0.2
33 458 0.2
33 460 0.2
33 461 0.2
34 59 0.055556
34 85 0.111111
34 176 0.111111
34 213 0.125
34 223 0.142857
34 226 0.166667
34 303 0.2
34 341 0.125
34 406 0.166667
34 458 0.2
34 463 0.2
35 94 0.076923
35 192 0.125
35 322 0.166667
35 420 0.2
36 48 0.066667
36 112 0.111111
36 139 0.0625
36 148 0.2
36 222 0.090909
36 276 0.142857
36 334 0.2
36 353 0.142857
36 358 0.2
36 377 0.142857
36 382 0.166667
37 60 0.0625
37 71 0.066667
37 72 0.058824
37 89 0.142857
37 92 0.0625
37 98 0.111111
37 100 0.125
37 109 0.066667
37 148 0.2
37 155 0.058824
37 174 0.125
37 202 0.2
37 217 0.142857
37 233 0.2
37 426 0.2
37 472 0.2
38 43 0.034483
38 80 0.083333
38 87 0.0625
38 111 0.090909
38 114 0.083333
38 117 0.2
38 145 0.166667
38 156 0.076923
38 160 0.111111
38 170 0.125
38 188 0.142857
38 225 0.1
38 242 0.125
38 280 0.142857
38 288 0.2
38 297 0.166667
38 353 0.142857
38 421 0.2
39 40 0.090909
39 42 0.083333
39 50 0.0625
39 56 0.066667
39 57 0.090909
39 59 0.055556
39 62 0.083333
39 79 0.076923
39 88 0.111111
39 99 0.055556
39 134 0.076923
39 143 0.111111
39 150 0.1
39 152 0.1
39 158 0.1
39 161 0.142857
39 169 0.125
39 184 0.2
39 231 0.125
39 239 0.2
39 272 0.142857
39 320 0.166667
39 351 0.142857
39 366 0.2
39 422 0.2
39 441 0.2
39 445 0.166667
39 455 0.2
40 41 0.0625
40 112 0.111111
40 186 0.125
40 209 0.166667
40 250 0.166667
40 288 0.2
41 77 0.111111
41 86 0.066667
41 188 0.142857
41 237 0.142857
41 247 0.142857
41 251 0.166667
41 273 0.166667
41 289 0.142857
41 335 0.2
41 336 0.125
41 343 0.142857
42 44 0.090909
42 59 0.055556
42 276 0.142857
42 298 0.142857
42 328 0.125
42 392 0.2
42 435 0.2
43 61 0.083333
43 62 0.083333
43 63 0.1
43 69 0.142857
43 70 0.090909
43 108 0.083333
43 120 0.142857
43 125 0.090909
43 156 0.076923
43 181 0.090909
43 182 0.142857
43 202 0.2
43 238 0.2
43 274 0.166667
43 293 0.125
43 303 0.2
43 336 0.125
43 347 0.2
43 355 0.2
43 357 0.2
43 382 0.166667
43 418 0.2
43 420 0.2
43 440 0.2
44 48 0.066667
44 79 0.076923
44 211 0.142857
44 306 0.2
44 454 0.2
44 469 0.2
45 73 0.076923
45 98 0.111111
45 103 0.090909
45 133 0.125
45 189 0.142857
45 198 0.166667
45 222 0.090909
45 246 0.166667
45 253 0.142857
45 281 0.2
45 288 0.2
45 301 0.142857
45 316 0.2
45 319 0.166667
45 440 0.2
46 47 0.058824
46 48 0.066667
46 54 0.055556
46 61 0.083333
46 66 0.076923
46 84 0.045455
46 110 0.111111
46 114 0.083333
46 118 0.125
46 121 0.1
46 125 0.090909
46 132 0.166667
46 137 0.111111
46 146 0.111111
46 160 0.111111
46 193 0.111111
46 225 0.1
46 298 0.142857
46 300 0.166667
46 321 0.166667
46 367 0.142857
46 415 0.166667
46 420 0.2
47 56 0.066667
47 87 0.0625
47 100 0.125
47 112 0.111111
47 123 0.0625
47 125 0.090909
47 147 0.166667
47 199 0.166667
47 324 0.166667
47 334 0.2
47 343 0.142857
47 386 0.2
48 54 0.055556
48 116 0.083333
48 172 0.166667
48 177 0.066667
48 180 0.142857
48 183 0.142857
48 222 0.090909
48 303 0.2
48 320 0.166667
48 446 0.2
49 52 0.05
49 69 0.142857
49 97 0.125
49 106 0.1
49 109 0.066667
49 113 0.090909
49 147 0.166667
49 168 0.1
49 206 0.090909
49 210 0.111111
49 243 0.1
49 262 0.166667
49 322 0.166667
49 329 0.166667
49 359 0.166667
49 377 0.142857
49 431 0.2
50 78 0.111111
50 96 0.125
50 153 0.142857
50 165 0.166667
50 250 0.166667
50 260 0.2
50 280 0.142857
50 299 0.166667
50 303 0.2
50 328 0.125
50 446 0.2
51 65 0.041667
51 74 0.111111
51 162 0.166667
51 206 0.090909
51 370 0.2
51 389 0.2
51 426 0.2
51 433 0.2
51 453 0.2
52 56 0.066667
52 151 0.090909
52 168 0.1
52 171 0.125
52 173 0.111111
52 239 0.2
52 252 0.166667
52 269 0.142857
52 307 0.2
52 320 0.166667
52 376 0.166667
52 390 0.166667
52 464 0.2
52 465 0.2
52 468 0.2
53 70 0.090909
53 147 0.166667
53 249 0.2
53 335 0.2
53 360 0.2
53 460 0.2
54 57 0.090909
54 99 0.055556
54 104 0.142857
54 105 0.055556
54 121 0.1
54 185 0.1
54 214 0.111111
54 257 0.142857
54 274 0.166667
54 314 0.166667
54 369 0.2
54 372 0.2
54 423 0.166667
55 86 0.066667
55 87 0.0625
55 107 0.071429
55 119 0.055556
55 138 0.090909
55 155 0.058824
55 182 0.142857
55 227 0.125
55 251 0.166667
55 253 0.142857
55 347 0.2
55 455 0.2
56 58 0.142857
56 121 0.1
56 192 0.125
56 203 0.125
56 212 0.111111
56 259 0.1
56 281 0.2
56 288 0.2
56 348 0.2
56 359 0.166667
57 90 0.1
57 153 0.142857
57 171 0.125
57 300 0.166667
57 345 0.2
57 356 0.166667
58 158 0.1
58 234 0.142857
59 64 0.142857
59 101 0.166667
59 115 0.090909
59 130 0.111111
59 184 0.2
59 191 0.1
59 221 0.125
59 262 0.166667
59 285 0.2
59 290 0.142857
59 296 0.166667
59 339 0.166667
59 371 0.2
60 69 0.142857
60 75 0.055556
60 81 0.090909
60 91 0.125
60 93 0.083333
60 118 0.125
60 123 0.0625
60 240 0.166667
60 269 0.142857
60 379 0.166667
60 454 0.2
61 93 0.083333
61 119 0.055556
61 133 0.125
61 155 0.058824
61 209 0.166667
61 278 0.2
61 344 0.2
62 63 0.1
62 64 0.142857
62 100 0.125
62 103 0.090909
62 295 0.1
62 346 0.111111
62 376 0.166667
63 78 0.111111
63 174 0.125
63 261 0.2
63 275 0.142857
63 360 0.2
64 138 0.090909
64 409 0.166667
65 102 0.111111
65 119 0.055556
65 127 0.076923
65 132 0.166667
65 150 0.1
65 213 0.125
65 214 0.111111
65 220 0.166667
65 240 0.166667
65 251 0.166667
65 257 0.142857
65 258 0.166667
65 261 0.2
65 271 0.142857
65 343 0.142857
65 402 0.2
65 410 0.2
65 432 0.2
65 444 0.2
66 74 0.111111
66 90 0.1
66 108 0.083333
66 201 0.083333
66 218 0.166667
66 336 0.125
66 418 0.2
66 442 0.2
67 82 0.05
67 104 0.142857
67 112 0.111111
67 134 0.076923
67 152 0.1
67 161 0.142857
67 266 0.142857
67 353 0.142857
67 357 0.2
67 404 0.2
68 92 0.0625
68 110 0.111111
68 123 0.0625
68 128 0.071429
68 195 0.142857
68 204 0.1
68 227 0.125
68 232 0.142857
68 245 0.125
68 255 0.166667
68 268 0.166667
68 292 0.2
68 294 0.142857
68 320 0.166667
68 324 0.166667
68 375 0.142857
68 417 0.2
68 428 0.2
69 155 0.058824
69 306 0.2
70 79 0.076923
70 162 0.166667
70 237 0.142857
70 330 0.166667
70 344 0.2
70 408 0.2
71 78 0.111111
71 117 0.2
71 129 0.111111
71 200 0.142857
71 235 0.142857
71 339 0.166667
71 359 0.166667
71 376 0.166667
71 388 0.2
71 440 0.2
72 75 0.055556
72 106 0.1
72 153 0.142857
72 171 0.125
72 184 0.2
72 206 0.090909
72 218 0.166667
72 278 0.2
72 296 0.166667
72 354 0.142857
72 413 0.2
72 471 0.2
73 92 0.0625
73 136 0.166667
73 137 0.111111
73 138 0.090909
73 220 0.166667
73 342 0.2
73 375 0.142857
73 408 0.2
74 96 0.125
74 131 0.111111
74 291 0.142857
74 342 0.2
75 93 0.083333
75 95 0.083333
75 101 0.166667
75 159 0.166667
75 164 0.076923
75 191 0.1
75 243 0.1
75 272 0.142857
75 313 0.166667
75 321 0.166667
75 322 0.166667
75 384 0.2
75 451 0.2
76 130 0.111111
76 141 0.2
76 187 0.166667
76 286 0.166667
76 296 0.166667
76 315 0.166667
76 330 0.166667
76 345 0.2
76 413 0.2
76 436 0.166667
76 444 0.2
76 468 0.2
77 90 0.1
77 144 0.05
77 151 0.090909
77 472 0.2
78 91 0.125
78 135 0.111111
78 146 0.111111
78 159 0.166667
79 84 0.045455
79 106 0.1
79 165 0.166667
79 176 0.111111
79 319 0.166667
79 323 0.2
79 352 0.166667
79 387 0.166667
80 109 0.066667
80 195 0.142857
80 221 0.125
80 282 0.125
80 325 0.166667
80 334 0.2
80 371 0.2
81 85 0.111111
81 128 0.071429
81 246 0.166667
81 349 0.142857
81 398 0.166667
81 462 0.2
82 119 0.055556
82 149 0.125
82 177 0.066667
82 203 0.125
82 205 0.2
82 213 0.125
82 230 0.1
82 236 0.142857
82 242 0.125
82 292 0.2
82 293 0.125
82 332 0.166667
82 385 0.2
82 411 0.2
82 474 0.2
83 113 0.090909
83 120 0.142857
83 129 0.111111
83 165 0.166667
83 201 0.083333
83 206 0.090909
83 216 0.166667
83 250 0.166667
84 87 0.0625
84 92 0.0625
84 96 0.125
84 136 0.166667
84 146 0.111111
84 170 0.125
84 184 0.2
84 199 0.166667
84 211 0.142857
84 228 0.142857
84 259 0.1
84 265 0.142857
84 333 0.166667
84 349 0.142857
84 374 0.166667
84 443 0.2
84 449 0.2
85 113 0.090909
85 198 0.166667
85 386 0.2
85 417 0.2
86 131 0.111111
86 152 0.1
86 168 0.1
86 174 0.125
86 209 0.166667
86 210 0.111111
86 246 0.166667
86 270 0.166667
86 386 0.2
86 410 0.2
87 96 0.125
87 105 0.055556
87 123 0.0625
87 137 0.111111
87 175 0.1
87 254 0.166667
87 260 0.2
87 305 0.2
87 317 0.166667
87 358 0.2
87 373 0.166667
88 118 0.125
88 134 0.076923
88 222 0.090909
88 453 0.2
89 102 0.111111
89 189 0.142857
90 99 0.055556
90 315 0.166667
90 362 0.125
90 374 0.166667
90 431 0.2
91 144 0.05
91 190 0.166667
91 370 0.2
92 187 0.166667
92 193 0.111111
92 250 0.166667
92 255 0.166667
92 262 0.166667
92 291 0.142857
92 310 0.142857
92 380 0.2
92 409 0.166667
92 423 0.166667
92 426 0.2
93 116 0.083333
93 141 0.2
93 181 0.090909
93 293 0.125
93 302 0.142857
93 331 0.2
93 377 0.142857
94 117 0.2
94 120 0.142857
94 128 0.071429
94 258 0.166667
94 284 0.142857
94 286 0.166667
94 394 0.166667
94 432 0.2
95 130 0.111111
95 145 0.166667
95 157 0.111111
95 166 0.111111
95 182 0.142857
95 197 0.111111
95 220 0.166667
96 184 0.2
96 208 0.142857
96 272 0.142857
97 170 0.125
97 269 0.142857
97 349 0.142857
98 245 0.125
98 257 0.142857
98 326 0.2
98 387 0.166667
99 133 0.125
99 142 0.1
99 169 0.125
99 178 0.142857
99 183 0.142857
99 286 0.166667
99 383 0.2
99 407 0.166667
99 427 0.2
99 444 0.2
99 457 0.2
99 466 0.2
99 467 0.2
100 143 0.111111
100 149 0.125
100 255 0.166667
101 331 0.2
102 311 0.125
102 329 0.166667
102 337 0.166667
102 467 0.2
103 207 0.166667
103 225 0.1
103 263 0.111111
103 286 0.166667
103 350 0.2
103 357 0.2
104 117 0.2
104 382 0.166667
105 124 0.090909
105 131 0.111111
105 138 0.090909
105 162 0.166667
105 214 0.111111
105 218 0.166667
105 253 0.142857
105 258 0.166667
105 264 0.125
105 284 0.142857
105 300 0.166667
105 368 0.142857
105 435 0.2
106 171 0.125
106 277 0.166667
106 295 0.1
106 316 0.2
106 334 0.2
107 195 0.142857
107 205 0.2
107 219 0.166667
107 237 0.142857
107 275 0.142857
107 287 0.166667
107 325 0.166667
107 366 0.2
107 471 0.2
108 146 0.111111
108 235 0.142857
108 245 0.125
108 308 0.142857
108 349 0.142857
108 432 0.2
108 458 0.2
109 110 0.111111
109 133 0.125
109 143 0.111111
109 144 0.05
109 149 0.125
109 156 0.076923
109 259 0.1
109 282 0.125
109 317 0.166667
109 394 0.166667
110 134 0.076923
110 241 0.125
110 254 0.166667
110 346 0.111111
111 188 0.142857
111 207 0.166667
111 209 0.166667
111 240 0.166667
111 378 0.142857
111 422 0.2
112 136 0.166667
112 158 0.1
112 179 0.125
112 229 0.142857
113 135 0.111111
113 196 0.166667
113 222 0.090909
113 249 0.2
113 340 0.125
113 414 0.2
114 179 0.125
114 190 0.166667
114 233 0.2
114 256 0.142857
114 329 0.166667
114 374 0.166667
114 394 0.166667
115 258 0.166667
115 261 0.2
115 272 0.142857
115 287 0.166667
115 304 0.166667
115 350 0.2
116 124 0.090909
116 127 0.076923
116 163 0.166667
116 210 0.111111
116 213 0.125
116 214 0.111111
116 391 0.2
118 150 0.1
118 338 0.166667
118 399 0.2
119 120 0.142857
119 152 0.1
119 187 0.166667
119 216 0.166667
119 236 0.142857
119 261 0.2
119 272 0.142857
119 308 0.142857
119 313 0.166667
119 344 0.2
119 365 0.2
119 411 0.2
119 416 0.2
120 177 0.066667
120 232 0.142857
121 125 0.090909
121 126 0.142857
121 310 0.142857
121 390 0.166667
121 452 0.2
122 241 0.125
122 242 0.125
123 136 0.166667
123 157 0.111111
123 170 0.125
123 174 0.125
123 185 0.1
123 279 0.142857
123 319 0.166667
123 363 0.2
123 410 0.2
123 424 0.2
123 437 0.2
124 137 0.111111
124 207 0.166667
124 294 0.142857
124 361 0.2
124 448 0.2
124 464 0.2
125 144 0.05
125 186 0.125
125 219 0.166667
125 251 0.166667
125 296 0.166667
125 352 0.166667
126 171 0.125
126 360 0.2
127 133 0.125
127 212 0.111111
127 230 0.1
127 257 0.142857
127 276 0.142857
127 307 0.2
127 461 0.2
127 464 0.2
128 140 0.090909
128 147 0.166667
128 187 0.166667
128 231 0.125
128 233 0.2
128 248 0.142857
128 256 0.142857
128 284 0.142857
128 439 0.2
129 151 0.090909
129 154 0.1
129 397 0.2
129 446 0.2
130 165 0.166667
130 167 0.076923
130 219 0.166667
130 327 0.2
131 135 0.111111
131 185 0.1
131 424 0.2
131 468 0.2
132 338 0.166667
133 139 0.0625
133 215 0.142857
133 421 0.2
134 139 0.0625
134 215 0.142857
134 271 0.142857
134 277 0.166667
134 312 0.2
134 331 0.2
134 397 0.2
134 410 0.2
135 182 0.142857
135 188 0.142857
135 213 0.125
135 285 0.2
136 280 0.142857
137 138 0.090909
137 211 0.142857
137 215 0.142857
137 270 0.166667
138 150 0.1
138 178 0.142857
138 208 0.142857
138 265 0.142857
138 311 0.125
138 453 0.2
139 145 0.166667
139 149 0.125
139 165 0.166667
139 229 0.142857
139 279 0.142857
139 317 0.166667
139 328 0.125
139 378 0.142857
139 400 0.2
139 425 0.2
139 446 0.2
140 166 0.111111
140 183 0.142857
140 186 0.125
140 190 0.166667
140 309 0.2
140 380 0.2
142 238 0.2
142 243 0.1
142 346 0.111111
142 381 0.2
142 403 0.2
143 204 0.1
143 218 0.166667
143 263 0.111111
143 445 0.166667
144 161 0.142857
144 164 0.076923
144 198 0.166667
144 211 0.142857
144 273 0.166667
144 294 0.142857
144 310 0.142857
144 312 0.2
144 314 0.166667
144 357 0.2
144 388 0.2
144 411 0.2
144 415 0.166667
144 433 0.2
144 448 0.2
145 183 0.142857
146 167 0.076923
146 308 0.142857
146 392 0.2
146 427 0.2
147 187 0.166667
149 154 0.1
149 198 0.166667
149 463 0.2
150 189 0.142857
150 304 0.166667
150 305 0.2
150 346 0.111111
150 463 0.2
151 153 0.142857
151 159 0.166667
151 306 0.2
151 310 0.142857
151 323 0.2
151 326 0.2
152 191 0.1
152 346 0.111111
152 386 0.2
152 400 0.2
152 409 0.166667
153 290 0.142857
153 429 0.2
154 156 0.076923
154 294 0.142857
154 442 0.2
154 459 0.166667
154 462 0.2
155 199 0.166667
155 202 0.2
155 224 0.111111
155 236 0.142857
155 241 0.125
155 263 0.111111
155 283 0.2
155 404 0.2
155 412 0.166667
155 419 0.166667
155 420 0.2
155 428 0.2
156 210 0.111111
156 218 0.166667
156 300 0.166667
156 341 0.125
156 405 0.166667
156 411 0.2
156 462 0.2
156 466 0.2
157 238 0.2
157 289 0.142857
157 364 0.2
157 387 0.166667
158 160 0.111111
158 169 0.125
158 298 0.142857
158 330 0.166667
158 430 0.2
159 373 0.166667
160 216 0.166667
160 228 0.142857
160 280 0.142857
160 375 0.142857
161 315 0.166667
161 355 0.2
162 385 0.2
163 335 0.2
164 180 0.142857
164 247 0.142857
164 251 0.166667
164 295 0.1
164 355 0.2
164 429 0.2
164 432 0.2
164 469 0.2
165 423 0.166667
166 342 0.2
166 381 0.2
166 394 0.166667
166 422 0.2
167 175 0.1
167 203 0.125
167 240 0.166667
167 275 0.142857
167 316 0.2
167 358 0.2
167 369 0.2
167 400 0.2
168 200 0.142857
168 278 0.2
168 323 0.2
168 392 0.2
168 458 0.2
169 219 0.166667
169 236 0.142857
169 243 0.1
170 282 0.125
170 293 0.125
170 467 0.2
171 195 0.142857
171 208 0.142857
171 227 0.125
172 211 0.142857
173 175 0.1
173 232 0.142857
173 258 0.166667
173 365 0.2
174 309 0.2
174 318 0.142857
174 322 0.166667
175 254 0.166667
175 355 0.2
175 376 0.166667
175 412 0.166667
175 440 0.2
176 249 0.2
176 283 0.2
176 398 0.166667
176 427 0.2
177 209 0.166667
177 248 0.142857
177 262 0.166667
177 271 0.142857
177 299 0.166667
177 377 0.142857
177 417 0.2
177 459 0.166667
177 464 0.2
177 470 0.2
178 235 0.142857
178 306 0.2
179 193 0.111111
179 396 0.2
179 433 0.2
180 351 0.142857
180 455 0.2
181 224 0.111111
181 299 0.166667
181 319 0.166667
181 358 0.2
181 361 0.2
181 413 0.2
182 242 0.125
182 350 0.2
183 454 0.2
183 462 0.2
185 198 0.166667
185 310 0.142857
185 368 0.142857
185 384 0.2
185 451 0.2
186 234 0.142857
186 336 0.125
186 364 0.2
187 406 0.166667
188 341 0.125
188 445 0.166667
189 264 0.125
189 368 0.142857
190 379 0.166667
191 194 0.125
191 239 0.2
191 393 0.2
191 465 0.2
191 466 0.2
192 229 0.142857
192 323 0.2
192 388 0.2
193 317 0.166667
193 352 0.166667
193 385 0.2
193 452 0.2
194 362 0.125
194 396 0.2
194 445 0.166667
195 422 0.2
195 442 0.2
196 348 0.2
197 263 0.111111
197 301 0.142857
197 318 0.142857
197 395 0.2
198 288 0.2
199 283 0.2
200 207 0.166667
200 266 0.142857
201 246 0.166667
201 261 0.2
201 267 0.125
201 315 0.166667
201 353 0.142857
201 397 0.2
201 439 0.2
203 243 0.1
203 401 0.166667
203 405 0.166667
204 228 0.142857
204 255 0.166667
204 290 0.142857
204 313 0.166667
204 320 0.166667
206 217 0.142857
206 254 0.166667
206 318 0.142857
206 360 0.2
206 435 0.2
206 463 0.2
207 343 0.142857
208 252 0.166667
208 469 0.2
209 407 0.166667
210 324 0.166667
210 376 0.166667
210 384 0.2
210 459 0.166667
211 369 0.2
211 468 0.2
212 219 0.166667
212 290 0.142857
212 369 0.2
212 426 0.2
213 229 0.142857
213 260 0.2
213 385 0.2
214 224 0.111111
214 231 0.125
214 393 0.2
214 438 0.2
215 228 0.142857
215 361 0.2
216 370 0.2
217 311 0.125
217 401 0.166667
218 385 0.2
219 324 0.166667
220 223 0.142857
221 277 0.166667
221 402 0.2
221 452 0.2
222 227 0.125
222 231 0.125
222 249 0.2
222 313 0.166667
222 350 0.2
222 356 0.166667
223 248 0.142857
223 416 0.2
224 254 0.166667
224 329 0.166667
224 333 0.166667
224 434 0.2
225 268 0.166667
225 287 0.166667
225 356 0.166667
225 381 0.2
225 465 0.2
226 230 0.1
227 289 0.142857
227 327 0.2
227 407 0.166667
228 287 0.166667
228 356 0.166667
229 284 0.142857
229 442 0.2
230 232 0.142857
230 304 0.166667
230 381 0.2
230 404 0.2
230 431 0.2
231 341 0.125
231 352 0.166667
231 472 0.2
232 290 0.142857
232 398 0.166667
234 259 0.1
234 435 0.2
235 269 0.142857
235 270 0.166667
236 348 0.2
236 392 0.2
237 304 0.166667
237 415 0.166667
240 401 0.166667
241 351 0.142857
241 371 0.2
241 428 0.2
242 264 0.125
242 291 0.142857
242 409 0.166667
243 314 0.166667
243 391 0.2
243 405 0.166667
243 425 0.2
243 449 0.2
244 330 0.166667
244 331 0.2
244 393 0.2
244 395 0.2
245 303 0.2
245 443 0.2
245 474 0.2
246 458 0.2
247 363 0.2
247 419 0.166667
248 339 0.166667
248 384 0.2
250 285 0.2
251 418 0.2
252 443 0.2
253 399 0.2
253 473 0.2
254 311 0.125
255 333 0.166667
256 364 0.2
256 447 0.2
257 309 0.2
257 440 0.2
258 291 0.142857
259 266 0.142857
259 305 0.2
259 345 0.2
259 363 0.2
259 450 0.2
262 366 0.2
263 315 0.166667
263 387 0.166667
263 403 0.2
263 474 0.2
264 326 0.2
264 406 0.166667
264 449 0.2
265 340 0.125
265 473 0.2
266 296 0.166667
266 375 0.142857
267 281 0.2
267 336 0.125
267 372 0.2
268 335 0.2
269 302 0.142857
269 393 0.2
270 439 0.2
271 318 0.142857
271 470 0.2
272 333 0.166667
272 461 0.2
273 317 0.166667
274 386 0.2
275 370 0.2
275 389 0.2
276 319 0.166667
276 373 0.166667
277 457 0.2
279 375 0.142857
279 437 0.2
280 312 0.2
280 356 0.166667
282 382 0.166667
282 432 0.2
282 456 0.2
284 292 0.2
284 355 0.2
286 471 0.2
287 333 0.166667
289 327 0.2
289 353 0.142857
290 302 0.142857
290 305 0.2
291 332 0.166667
291 470 0.2
293 326 0.2
293 362 0.125
293 429 0.2
294 340 0.125
294 369 0.2
295 314 0.166667
295 360 0.2
295 411 0.2
295 414 0.2
295 424 0.2
296 438 0.2
297 470 0.2
298 316 0.2
298 372 0.2
299 447 0.2
300 424 0.2
301 332 0.166667
301 372 0.2
302 308 0.142857
302 430 0.2
304 443 0.2
308 448 0.2
308 473 0.2
310 354 0.142857
310 383 0.2
311 359 0.166667
311 397 0.2
311 399 0.2
313 380 0.2
314 443 0.2
315 446 0.2
317 373 0.166667
318 323 0.2
318 337 0.166667
319 377 0.142857
320 340 0.125
321 470 0.2
322 400 0.2
324 345 0.2
325 459 0.166667
328 400 0.2
328 401 0.166667
328 414 0.2
329 434 0.2
330 397 0.2
332 363 0.2
333 341 0.125
336 363 0.2
336 407 0.166667
336 437 0.2
337 366 0.2
338 444 0.2
339 343 0.142857
340 370 0.2
340 414 0.2
340 441 0.2
341 367 0.142857
341 381 0.2
341 407 0.166667
343 361 0.2
343 416 0.2
346 378 0.142857
346 383 0.2
346 389 0.2
346 390 0.166667
349 393 0.2
349 430 0.2
351 383 0.2
351 406 0.166667
352 421 0.2
353 398 0.166667
353 412 0.166667
354 367 0.142857
354 390 0.166667
356 450 0.2
359 391 0.2
362 448 0.2
362 452 0.2
362 472 0.2
367 427 0.2
367 466 0.2
368 436 0.166667
368 447 0.2
373 433 0.2
374 403 0.2
375 394 0.166667
375 460 0.2
376 382 0.166667
377 396 0.2
377 408 0.2
378 424 0.2
378 474 0.2
379 436 0.166667
382 408 0.2
387 395 0.2
390 434 0.2
394 437 0.2
398 418 0.2
401 414 0.2
405 471 0.2
406 428 0.2
407 451 0.2
409 433 0.2
412 447 0.2
415 451 0.2
419 422 0.2
423 453 0.2
436 468 0.2
445 456 0.2
459 460 0.2
5 0 0.047619
7 0 0.047619
9 0 0.047619
27 0 0.047619
30 0 0.047619
61 0 0.047619
67 0 0.047619
71 0 0.047619
75 0 0.047619
82 0 0.047619
83 0 0.047619
141 0 0.047619
145 0 0.047619
180 0 0.047619
193 0 0.047619
197 0 0.047619
285 0 0.047619
331 0 0.047619
344 0 0.047619
403 0 0.047619
449 0 0.047619
5 1 0.018182
6 1 0.018182
8 1 0.018182
9 1 0.018182
10 1 0.018182
15 1 0.018182
18 1 0.018182
19 1 0.018182
21 1 0.018182
23 1 0.018182
29 1 0.018182
31 1 0.018182
34 1 0.018182
38 1 0.018182
43 1 0.018182
45 1 0.018182
49 1 0.018182
50 1 0.018182
54 1 0.018182
57 1 0.018182
60 1 0.018182
72 1 0.018182
73 1 0.018182
85 1 0.018182
94 1 0.018182
97 1 0.018182
98 1 0.018182
129 1 0.018182
130 1 0.018182
135 1 0.018182
148 1 0.018182
153 1 0.018182
173 1 0.018182
177 1 0.018182
178 1 0.018182
181 1 0.018182
191 1 0.018182
199 1 0.018182
201 1 0.018182
207 1 0.018182
216 1 0.018182
223 1 0.018182
231 1 0.018182
241 1 0.018182
271 1 0.018182
285 1 0.018182
307 1 0.018182
347 1 0.018182
378 1 0.018182
395 1 0.018182
421 1 0.018182
429 1 0.018182
436 1 0.018182
450 1 0.018182
456 1 0.018182
5 2 0.055556
6 2 0.055556
12 2 0.055556
17 2 0.055556
19 2 0.055556
25 2 0.055556
30 2 0.055556
81 2 0.055556
98 2 0.055556
102 2 0.055556
193 2 0.055556
201 2 0.055556
252 2 0.055556
302 2 0.055556
404 2 0.055556
434 2 0.055556
435 2 0.055556
447 2 0.055556
5 3 0.025641
6 3 0.025641
7 3 0.025641
8 3 0.025641
11 3 0.025641
12 3 0.025641
16 3 0.025641
20 3 0.025641
34 3 0.025641
35 3 0.025641
47 3 0.025641
61 3 0.025641
65 3 0.025641
66 3 0.025641
67 3 0.025641
72 3 0.025641
82 3 0.025641
90 3 0.025641
140 3 0.025641
142 3 0.025641
164 3 0.025641
172 3 0.025641
176 3 0.025641
179 3 0.025641
205 3 0.025641
246 3 0.025641
253 3 0.025641
259 3 0.025641
267 3 0.025641
274 3 0.025641
327 3 0.025641
348 3 0.025641
368 3 0.025641
380 3 0.025641
396 3 0.025641
418 3 0.025641
441 3 0.025641
464 3 0.025641
473 3 0.025641
5 4 0.02439
6 4 0.02439
7 4 0.02439
9 4 0.02439
13 4 0.02439
15 4 0.02439
17 4 0.02439
18 4 0.02439
21 4 0.02439
23 4 0.02439
31 4 0.02439
37 4 0.02439
46 4 0.02439
53 4 0.02439
59 4 0.02439
73 4 0.02439
75 4 0.02439
80 4 0.02439
83 4 0.02439
85 4 0.02439
86 4 0.02439
88 4 0.02439
94 4 0.02439
105 4 0.02439
107 4 0.02439
139 4 0.02439
141 4 0.02439
150 4 0.02439
166 4 0.02439
172 4 0.02439
176 4 0.02439
217 4 0.02439
230 4 0.02439
247 4 0.02439
252 4 0.02439
278 4 0.02439
292 4 0.02439
352 4 0.02439
388 4 0.02439
408 4 0.02439
461 4 0.02439
6 5 0.012821
7 5 0.012821
8 5 0.012821
10 5 0.012821
11 5 0.012821
13 5 0.012821
16 5 0.012821
19 5 0.012821
20 5 0.012821
24 5 0.012821
25 5 0.012821
28 5 0.012821
29 5 0.012821
30 5 0.012821
31 5 0.012821
32 5 0.012821
34 5 0.012821
38 5 0.012821
41 5 0.012821
45 5 0.012821
47 5 0.012821
48 5 0.012821
51 5 0.012821
52 5 0.012821
53 5 0.012821
66 5 0.012821
67 5 0.012821
72 5 0.012821
77 5 0.012821
91 5 0.012821
93 5 0.012821
104 5 0.012821
108 5 0.012821
110 5 0.012821
111 5 0.012821
119 5 0.012821
120 5 0.012821
124 5 0.012821
126 5 0.012821
132 5 0.012821
136 5 0.012821
144 5 0.012821
146 5 0.012821
157 5 0.012821
166 5 0.012821
174 5 0.012821
197 5 0.012821
204 5 0.012821
205 5 0.012821
241 5 0.012821
249 5 0.012821
255 5 0.012821
264 5 0.012821
268 5 0.012821
279 5 0.012821
280 5 0.012821
282 5 0.012821
286 5 0.012821
287 5 0.012821
313 5 0.012821
367 5 0.012821
372 5 0.012821
389 5 0.012821
390 5 0.012821
395 5 0.012821
398 5 0.012821
402 5 0.012821
405 5 0.012821
409 5 0.012821
439 5 0.012821
441 5 0.012821
463 5 0.012821
467 5 0.012821
7 6 0.022727
8 6 0.022727
9 6 0.022727
10 6 0.022727
13 6 0.022727
14 6 0.022727
20 6 0.022727
22 6 0.022727
24 6 0.022727
31 6 0.022727
39 6 0.022727
42 6 0.022727
44 6 0.022727
45 6 0.022727
46 6 0.022727
49 6 0.022727
51 6 0.022727
58 6 0.022727
68 6 0.022727
80 6 0.022727
100 6 0.022727
101 6 0.022727
111 6 0.022727
121 6 0.022727
195 6 0.022727
196 6 0.022727
221 6 0.022727
227 6 0.022727
237 6 0.022727
244 6 0.022727
257 6 0.022727
271 6 0.022727
297 6 0.022727
338 6 0.022727
344 6 0.022727
379 6 0.022727
410 6 0.022727
436 6 0.022727
454 6 0.022727
8 7 0.022727
9 7 0.022727
10 7 0.022727
11 7 0.022727
12 7 0.022727
16 7 0.022727
17 7 0.022727
18 7 0.022727
24 7 0.022727
37 7 0.022727
40 7 0.022727
51 7 0.022727
67 7 0.022727
71 7 0.022727
84 7 0.022727
126 7 0.022727
129 7 0.022727
147 7 0.022727
154 7 0.022727
157 7 0.022727
158 7 0.022727
176 7 0.022727
179 7 0.022727
204 7 0.022727
216 7 0.022727
223 7 0.022727
230 7 0.022727
234 7 0.022727
244 7 0.022727
248 7 0.022727
260 7 0.022727
274 7 0.022727
276 7 0.022727
332 7 0.022727
379 7 0.022727
437 7 0.022727
439 7 0.022727
455 7 0.022727
457 7 0.022727
11 8 0.017544
12 8 0.017544
13 8 0.017544
14 8 0.017544
15 8 0.017544
16 8 0.017544
26 8 0.017544
31 8 0.017544
33 8 0.017544
41 8 0.017544
45 8 0.017544
49 8 0.017544
53 8 0.017544
63 8 0.017544
71 8 0.017544
77 8 0.017544
78 8 0.017544
93 8 0.017544
95 8 0.017544
99 8 0.017544
101 8 0.017544
104 8 0.017544
114 8 0.017544
121 8 0.017544
124 8 0.017544
142 8 0.017544
163 8 0.017544
169 8 0.017544
180 8 0.017544
194 8 0.017544
204 8 0.017544
206 8 0.017544
214 8 0.017544
225 8 0.017544
235 8 0.017544
256 8 0.017544
295 8 0.017544
297 8 0.017544
298 8 0.017544
321 8 0.017544
326 8 0.017544
361 8 0.017544
387 8 0.017544
419 8 0.017544
425 8 0.017544
438 8 0.017544
451 8 0.017544
456 8 0.017544
462 8 0.017544
466 8 0.017544
467 8 0.017544
469 8 0.017544
10 9 0.015152
11 9 0.015152
13 9 0.015152
14 9 0.015152
15 9 0.015152
17 9 0.015152
21 9 0.015152
25 9 0.015152
28 9 0.015152
29 9 0.015152
30 9 0.015152
32 9 0.015152
35 9 0.015152
42 9 0.015152
44 9 0.015152
56 9 0.015152
65 9 0.015152
69 9 0.015152
70 9 0.015152
73 9 0.015152
78 9 0.015152
81 9 0.015152
85 9 0.015152
86 9 0.015152
95 9 0.015152
100 9 0.015152
106 9 0.015152
107 9 0.015152
110 9 0.015152
111 9 0.015152
126 9 0.015152
129 9 0.015152
131 9 0.015152
143 9 0.015152
151 9 0.015152
163 9 0.015152
164 9 0.015152
178 9 0.015152
186 9 0.015152
190 9 0.015152
196 9 0.015152
210 9 0.015152
215 9 0.015152
238 9 0.015152
242 9 0.015152
256 9 0.015152
270 9 0.015152
321 9 0.015152
327 9 0.015152
328 9 0.015152
337 9 0.015152
339 9 0.015152
350 9 0.015152
354 9 0.015152
359 9 0.015152
399 9 0.015152
416 9 0.015152
429 9 0.015152
430 9 0.015152
450 9 0.015152
471 9 0.015152
12 10 0.017857
20 10 0.017857
21 10 0.017857
28 10 0.017857
29 10 0.017857
33 10 0.017857
35 10 0.017857
37 10 0.017857
39 10 0.017857
40 10 0.017857
47 10 0.017857
50 10 0.017857
61 10 0.017857
64 10 0.017857
65 10 0.017857
70 10 0.017857
72 10 0.017857
79 10 0.017857
83 10 0.017857
89 10 0.017857
97 10 0.017857
127 10 0.017857
148 10 0.017857
161 10 0.017857
166 10 0.017857
167 10 0.017857
168 10 0.017857
181 10 0.017857
215 10 0.017857
240 10 0.017857
245 10 0.017857
248 10 0.017857
264 10 0.017857
268 10 0.017857
276 10 0.017857
283 10 0.017857
297 10 0.017857
301 10 0.017857
328 10 0.017857
334 10 0.017857
338 10 0.017857
348 10 0.017857
364 10 0.017857
368 10 0.017857
402 10 0.017857
423 10 0.017857
430 10 0.017857
444 10 0.017857
457 10 0.017857
461 10 0.017857
465 10 0.017857
22 11 0.034483
46 11 0.034483
55 11 0.034483
57 11 0.034483
60 11 0.034483
68 11 0.034483
73 11 0.034483
95 11 0.034483
96 11 0.034483
115 11 0.034483
116 11 0.034483
122 11 0.034483
148 11 0.034483
151 11 0.034483
154 11 0.034483
197 11 0.034483
199 11 0.034483
281 11 0.034483
305 11 0.034483
324 11 0.034483
379 11 0.034483
403 11 0.034483
415 11 0.034483
438 11 0.034483
14 12 0.02381
15 12 0.02381
19 12 0.02381
24 12 0.02381
25 12 0.02381
32 12 0.02381
39 12 0.02381
49 12 0.02381
62 12 0.02381
66 12 0.02381
77 12 0.02381
81 12 0.02381
84 12 0.02381
87 12 0.02381
94 12 0.02381
164 12 0.02381
190 12 0.02381
196 12 0.02381
226 12 0.02381
236 12 0.02381
244 12 0.02381
265 12 0.02381
277 12 0.02381
283 12 0.02381
299 12 0.02381
325 12 0.02381
342 12 0.02381
345 12 0.02381
378 12 0.02381
389 12 0.02381
419 12 0.02381
425 12 0.02381
426 12 0.02381
449 12 0.02381
454 12 0.02381
457 12 0.02381
459 12 0.02381
14 13 0.014925
17 13 0.014925
18 13 0.014925
22 13 0.014925
26 13 0.014925
27 13 0.014925
33 13 0.014925
34 13 0.014925
38 13 0.014925
42 13 0.014925
48 13 0.014925
50 13 0.014925
57 13 0.014925
64 13 0.014925
82 13 0.014925
91 13 0.014925
126 13 0.014925
132 13 0.014925
158 13 0.014925
159 13 0.014925
168 13 0.014925
170 13 0.014925
172 13 0.014925
179 13 0.014925
180 13 0.014925
188 13 0.014925
197 13 0.014925
203 13 0.014925
224 13 0.014925
226 13 0.014925
233 13 0.014925
239 13 0.014925
252 13 0.014925
265 13 0.014925
267 13 0.014925
268 13 0.014925
274 13 0.014925
282 13 0.014925
289 13 0.014925
291 13 0.014925
297 13 0.014925
299 13 0.014925
300 13 0.014925
302 13 0.014925
308 13 0.014925
309 13 0.014925
311 13 0.014925
314 13 0.014925
325 13 0.014925
330 13 0.014925
338 13 0.014925
340 13 0.014925
342 13 0.014925
362 13 0.014925
364 13 0.014925
371 13 0.014925
384 13 0.014925
415 13 0.014925
417 13 0.014925
421 13 0.014925
428 13 0.014925
455 13 0.014925
16 14 0.045455
18 14 0.045455
23 14 0.045455
36 14 0.045455
38 14 0.045455
41 14 0.045455
51 14 0.045455
74 14 0.045455
81 14 0.045455
94 14 0.045455
101 14 0.045455
109 14 0.045455
192 14 0.045455
225 14 0.045455
247 14 0.045455
401 14 0.045455
425 14 0.045455
24 15 0.023256
26 15 0.023256
27 15 0.023256
37 15 0.023256
43 15 0.023256
44 15 0.023256
50 15 0.023256
55 15 0.023256
56 15 0.023256
60 15 0.023256
69 15 0.023256
71 15 0.023256
76 15 0.023256
89 15 0.023256
92 15 0.023256
105 15 0.023256
112 15 0.023256
113 15 0.023256
114 15 0.023256
118 15 0.023256
140 15 0.023256
141 15 0.023256
163 15 0.023256
167 15 0.023256
183 15 0.023256
194 15 0.023256
200 15 0.023256
224 15 0.023256
245 15 0.023256
253 15 0.023256
262 15 0.023256
266 15 0.023256
321 15 0.023256
322 15 0.023256
367 15 0.023256
388 15 0.023256
442 15 0.023256
465 15 0.023256
22 16 0.03125
28 16 0.03125
38 16 0.03125
55 16 0.03125
58 16 0.03125
59 16 0.03125
62 16 0.03125
64 16 0.03125
66 16 0.03125
68 16 0.03125
75 16 0.03125
80 16 0.03125
82 16 0.03125
107 16 0.03125
142 16 0.03125
152 16 0.03125
177 16 0.03125
185 16 0.03125
201 16 0.03125
205 16 0.03125
220 16 0.03125
232 16 0.03125
239 16 0.03125
267 16 0.03125
295 16 0.03125
417 16 0.03125
472 16 0.03125
19 17 0.030303
20 17 0.030303
26 17 0.030303
32 17 0.030303
37 17 0.030303
46 17 0.030303
53 17 0.030303
62 17 0.030303
63 17 0.030303
74 17 0.030303
80 17 0.030303
89 17 0.030303
90 17 0.030303
102 17 0.030303
105 17 0.030303
149 17 0.030303
223 17 0.030303
234 17 0.030303
278 17 0.030303
281 17 0.030303
298 17 0.030303
351 17 0.030303
354 17 0.030303
365 17 0.030303
371 17 0.030303
374 17 0.030303
412 17 0.030303
423 17 0.030303
21 18 0.029412
27 18 0.029412
32 18 0.029412
34 18 0.029412
35 18 0.029412
42 18 0.029412
43 18 0.029412
55 18 0.029412
58 18 0.029412
60 18 0.029412
76 18 0.029412
84 18 0.029412
88 18 0.029412
97 18 0.029412
122 18 0.029412
128 18 0.029412
137 18 0.029412
143 18 0.029412
145 18 0.029412
157 18 0.029412
161 18 0.029412
185 18 0.029412
189 18 0.029412
191 18 0.029412
229 18 0.029412
244 18 0.029412
284 18 0.029412
357 18 0.029412
405 18 0.029412
22 19 0.030303
25 19 0.030303
30 19 0.030303
33 19 0.030303
35 19 0.030303
65 19 0.030303
91 19 0.030303
103 19 0.030303
109 19 0.030303
111 19 0.030303
156 19 0.030303
159 19 0.030303
163 19 0.030303
192 19 0.030303
235 19 0.030303
269 19 0.030303
292 19 0.030303
306 19 0.030303
318 19 0.030303
347 19 0.030303
351 19 0.030303
365 19 0.030303
373 19 0.030303
383 19 0.030303
392 19 0.030303
412 19 0.030303
441 19 0.030303
469 19 0.030303
23 20 0.032258
27 20 0.032258
28 20 0.032258
36 20 0.032258
44 20 0.032258
45 20 0.032258
86 20 0.032258
88 20 0.032258
116 20 0.032258
135 20 0.032258
139 20 0.032258
140 20 0.032258
142 20 0.032258
154 20 0.032258
162 20 0.032258
175 20 0.032258
194 20 0.032258
293 20 0.032258
301 20 0.032258
307 20 0.032258
316 20 0.032258
329 20 0.032258
339 20 0.032258
347 20 0.032258
380 20 0.032258
474 20 0.032258
23 21 0.058824
52 21 0.058824
54 21 0.058824
68 21 0.058824
115 21 0.058824
237 21 0.058824
270 21 0.058824
275 21 0.058824
307 21 0.058824
332 21 0.058824
337 21 0.058824
431 21 0.058824
33 22 0.037037
36 22 0.037037
49 22 0.037037
88 22 0.037037
89 22 0.037037
99 22 0.037037
103 22 0.037037
108 22 0.037037
115 22 0.037037
173 22 0.037037
189 22 0.037037
200 22 0.037037
212 22 0.037037
228 22 0.037037
244 22 0.037037
273 22 0.037037
304 22 0.037037
391 22 0.037037
416 22 0.037037
438 22 0.037037
450 22 0.037037
452 22 0.037037
76 23 0.071429
113 23 0.071429
114 23 0.071429
181 23 0.071429
194 23 0.071429
200 23 0.071429
396 23 0.071429
431 23 0.071429
460 23 0.071429
36 24 0.043478
51 24 0.043478
52 24 0.043478
98 24 0.043478
167 24 0.043478
192 24 0.043478
217 24 0.043478
250 24 0.043478
263 24 0.043478
273 24 0.043478
275 24 0.043478
312 24 0.043478
325 24 0.043478
335 24 0.043478
337 24 0.043478
402 24 0.043478
404 24 0.043478
413 24 0.043478
26 25 0.052632
29 25 0.052632
53 25 0.052632
107 25 0.052632
115 25 0.052632
118 25 0.052632
127 25 0.052632
208 25 0.052632
220 25 0.052632
221 25 0.052632
247 25 0.052632
267 25 0.052632
277 25 0.052632
362 25 0.052632
36 26 0.055556
40 26 0.055556
43 26 0.055556
55 26 0.055556
58 26 0.055556
76 26 0.055556
79 26 0.055556
122 26 0.055556
162 26 0.055556
202 26 0.055556
279 26 0.055556
301 26 0.055556
445 26 0.055556
39 27 0.052632
63 27 0.052632
83 27 0.052632
116 27 0.052632
122 27 0.052632
132 27 0.052632
155 27 0.052632
172 27 0.052632
217 27 0.052632
226 27 0.052632
238 27 0.052632
309 27 0.052632
312 27 0.052632
406 27 0.052632
47 28 0.066667
104 28 0.066667
160 28 0.066667
203 28 0.066667
260 28 0.066667
265 28 0.066667
289 28 0.066667
354 28 0.066667
365 28 0.066667
420 28 0.066667
67 29 0.05
68 29 0.05
83 29 0.05
124 29 0.05
125 29 0.05
130 29 0.05
160 29 0.05
173 29 0.05
175 29 0.05
186 29 0.05
221 29 0.05
266 29 0.05
273 29 0.05
279 29 0.05
473 29 0.05
39 30 0.047619
52 30 0.047619
70 30 0.047619
74 30 0.047619
95 30 0.047619
97 30 0.047619
106 30 0.047619
117 30 0.047619
123 30 0.047619
169 30 0.047619
173 30 0.047619
196 30 0.047619
294 30 0.047619
366 30 0.047619
413 30 0.047619
448 30 0.047619
41 31 0.047619
76 31 0.047619
102 31 0.047619
140 31 0.047619
178 31 0.047619
182 31 0.047619
202 31 0.047619
208 31 0.047619
212 31 0.047619
226 31 0.047619
234 31 0.047619
256 31 0.047619
374 31 0.047619
391 31 0.047619
399 31 0.047619
434 31 0.047619
40 32 0.142857
127 32 0.142857
46 33 0.04
54 33 0.04
77 33 0.04
103 33 0.04
108 33 0.04
122 33 0.04
128 33 0.04
131 33 0.04
134 33 0.04
212 33 0.04
233 33 0.04
349 33 0.04
358 33 0.04
419 33 0.04
427 33 0.04
453 33 0.04
456 33 0.04
458 33 0.04
460 33 0.04
461 33 0.04
59 34 0.0625
85 34 0.0625
176 34 0.0625
213 34 0.0625
223 34 0.0625
226 34 0.0625
303 34 0.0625
341 34 0.0625
406 34 0.0625
458 34 0.0625
463 34 0.0625
94 35 0.111111
192 35 0.111111
322 35 0.111111
420 35 0.111111
48 36 0.0625
112 36 0.0625
139 36 0.0625
148 36 0.0625
222 36 0.0625
276 36 0.0625
334 36 0.0625
353 36 0.0625
358 36 0.0625
377 36 0.0625
382 36 0.0625
60 37 0.047619
71 37 0.047619
72 37 0.047619
89 37 0.047619
92 37 0.047619
98 37 0.047619
100 37 0.047619
109 37 0.047619
148 37 0.047619
155 37 0.047619
174 37 0.047619
202 37 0.047619
217 37 0.047619
233 37 0.047619
426 37 0.047619
472 37 0.047619
43 38 0.043478
80 38 0.043478
87 38 0.043478
111 38 0.043478
114 38 0.043478
117 38 0.043478
145 38 0.043478
156 38 0.043478
160 38 0.043478
170 38 0.043478
188 38 0.043478
225 38 0.043478
242 38 0.043478
280 38 0.043478
288 38 0.043478
297 38 0.043478
353 38 0.043478
421 38 0.043478
40 39 0.030303
42 39 0.030303
50 39 0.030303
56 39 0.030303
57 39 0.030303
59 39 0.030303
62 39 0.030303
79 39 0.030303
88 39 0.030303
99 39 0.030303
134 39 0.030303
143 39 0.030303
150 39 0.030303
152 39 0.030303
158 39 0.030303
161 39 0.030303
169 39 0.030303
184 39 0.030303
231 39 0.030303
239 39 0.030303
272 39 0.030303
320 39 0.030303
351 39 0.030303
366 39 0.030303
422 39 0.030303
441 39 0.030303
445 39 0.030303
455 39 0.030303
41 40 0.090909
112 40 0.090909
186 40 0.090909
209 40 0.090909
250 40 0.090909
288 40 0.090909
77 41 0.0625
86 41 0.0625
188 41 0.0625
237 41 0.0625
247 41 0.0625
251 41 0.0625
273 41 0.0625
289 41 0.0625
335 41 0.0625
336 41 0.0625
343 41 0.0625
44 42 0.083333
59 42 0.083333
276 42 0.083333
298 42 0.083333
328 42 0.083333
392 42 0.083333
435 42 0.083333
61 43 0.034483
62 43 0.034483
63 43 0.034483
69 43 0.034483
70 43 0.034483
108 43 0.034483
120 43 0.034483
125 43 0.034483
156 43 0.034483
181 43 0.034483
182 43 0.034483
202 43 0.034483
238 43 0.034483
274 43 0.034483
293 43 0.034483
303 43 0.034483
336 43 0.034483
347 43 0.034483
355 43 0.034483
357 43 0.034483
382 43 0.034483
418 43 0.034483
420 43 0.034483
440 43 0.034483
48 44 0.090909
79 44 0.090909
211 44 0.090909
306 44 0.090909
454 44 0.090909
469 44 0.090909
73 45 0.05
98 45 0.05
103 45 0.05
133 45 0.05
189 45 0.05
198 45 0.05
222 45 0.05
246 45 0.05
253 45 0.05
281 45 0.05
288 45 0.05
301 45 0.05
316 45 0.05
319 45 0.05
440 45 0.05
47 46 0.035714
48 46 0.035714
54 46 0.035714
61 46 0.035714
66 46 0.035714
84 46 0.035714
110 46 0.035714
114 46 0.035714
118 46 0.035714
121 46 0.035714
125 46 0.035714
132 46 0.035714
137 46 0.035714
146 46 0.035714
160 46 0.035714
193 46 0.035714
225 46 0.035714
298 46 0.035714
300 46 0.035714
321 46 0.035714
367 46 0.035714
415 46 0.035714
420 46 0.035714
56 47 0.058824
87 47 0.058824
100 47 0.058824
112 47 0.058824
123 47 0.058824
125 47 0.058824
147 47 0.058824
199 47 0.058824
324 47 0.058824
334 47 0.058824
343 47 0.058824
386 47 0.058824
54 48 0.066667
116 48 0.066667
172 48 0.066667
177 48 0.066667
180 48 0.066667
183 48 0.066667
222 48 0.066667
303 48 0.066667
320 48 0.066667
446 48 0.066667
52 49 0.045455
69 49 0.045455
97 49 0.045455
106 49 0.045455
109 49 0.045455
113 49 0.045455
147 49 0.045455
168 49 0.045455
206 49 0.045455
210 49 0.045455
243 49 0.045455
262 49 0.045455
322 49 0.045455
329 49 0.045455
359 49 0.045455
377 49 0.045455
431 49 0.045455
78 50 0.0625
96 50 0.0625
153 50 0.0625
165 50 0.0625
250 50 0.0625
260 50 0.0625
280 50 0.0625
299 50 0.0625
303 50 0.0625
328 50 0.0625
446 50 0.0625
65 51 0.071429
74 51 0.071429
162 51 0.071429
206 51 0.071429
370 51 0.071429
389 51 0.071429
426 51 0.071429
433 51 0.071429
453 51 0.071429
56 52 0.05
151 52 0.05
168 52 0.05
171 52 0.05
173 52 0.05
239 52 0.05
252 52 0.05
269 52 0.05
307 52 0.05
320 52 0.05
376 52 0.05
390 52 0.05
464 52 0.05
465 52 0.05
468 52 0.05
70 53 0.090909
147 53 0.090909
249 53 0.090909
335 53 0.090909
360 53 0.090909
460 53 0.090909
57 54 0.055556
99 54 0.055556
104 54 0.055556
105 54 0.055556
121 54 0.055556
185 54 0.055556
214 54 0.055556
257 54 0.055556
274 54 0.055556
314 54 0.055556
369 54 0.055556
372 54 0.055556
423 54 0.055556
86 55 0.058824
87 55 0.058824
107 55 0.058824
119 55 0.058824
138 55 0.058824
155 55 0.058824
182 55 0.058824
227 55 0.058824
251 55 0.058824
253 55 0.058824
347 55 0.058824
455 55 0.058824
58 56 0.066667
121 56 0.066667
192 56 0.066667
203 56 0.066667
212 56 0.066667
259 56 0.066667
281 56 0.066667
288 56 0.066667
348 56 0.066667
359 56 0.066667
90 57 0.090909
153 57 0.090909
171 57 0.090909
300 57 0.090909
345 57 0.090909
356 57 0.090909
158 58 0.142857
234 58 0.142857
64 59 0.055556
101 59 0.055556
115 59 0.055556
130 59 0.055556
184 59 0.055556
191 59 0.055556
221 59 0.055556
262 59 0.055556
285 59 0.055556
290 59 0.055556
296 59 0.055556
339 59 0.055556
371 59 0.055556
69 60 0.0625
75 60 0.0625
81 60 0.0625
91 60 0.0625
93 60 0.0625
118 60 0.0625
123 60 0.0625
240 60 0.0625
269 60 0.0625
379 60 0.0625
454 60 0.0625
93 61 0.083333
119 61 0.083333
133 61 0.083333
155 61 0.083333
209 61 0.083333
278 61 0.083333
344 61 0.083333
63 62 0.083333
64 62 0.083333
100 62 0.083333
103 62 0.083333
295 62 0.083333
346 62 0.083333
376 62 0.083333
78 63 0.1
174 63 0.1
261 63 0.1
275 63 0.1
360 63 0.1
138 64 0.142857
409 64 0.142857
102 65 0.041667
119 65 0.041667
127 65 0.041667
132 65 0.041667
150 65 0.041667
213 65 0.041667
214 65 0.041667
220 65 0.041667
240 65 0.041667
251 65 0.041667
257 65 0.041667
258 65 0.041667
261 65 0.041667
271 65 0.041667
343 65 0.041667
402 65 0.041667
410 65 0.041667
432 65 0.041667
444 65 0.041667
74 66 0.076923
90 66 0.076923
108 66 0.076923
201 66 0.076923
218 66 0.076923
336 66 0.076923
418 66 0.076923
442 66 0.076923
82 67 0.066667
104 67 0.066667
112 67 0.066667
134 67 0.066667
152 67 0.066667
161 67 0.066667
266 67 0.066667
353 67 0.066667
357 67 0.066667
404 67 0.066667
92 68 0.043478
110 68 0.043478
123 68 0.043478
128 68 0.043478
195 68 0.043478
204 68 0.043478
227 68 0.043478
232 68 0.043478
245 68 0.043478
255 68 0.043478
268 68 0.043478
292 68 0.043478
294 68 0.043478
320 68 0.043478
324 68 0.043478
375 68 0.043478
417 68 0.043478
428 68 0.043478
155 69 0.142857
306 69 0.142857
79 70 0.090909
162 70 0.090909
237 70 0.090909
330 70 0.090909
344 70 0.090909
408 70 0.090909
78 71 0.066667
117 71 0.066667
129 71 0.066667
200 71 0.066667
235 71 0.066667
339 71 0.066667
359 71 0.066667
376 71 0.066667
388 71 0.066667
440 71 0.066667
75 72 0.058824
106 72 0.058824
153 72 0.058824
171 72 0.058824
184 72 0.058824
206 72 0.058824
218 72 0.058824
278 72 0.058824
296 72 0.058824
354 72 0.058824
413 72 0.058824
471 72 0.058824
92 73 0.076923
136 73 0.076923
137 73 0.076923
138 73 0.076923
220 73 0.076923
342 73 0.076923
375 73 0.076923
408 73 0.076923
96 74 0.111111
131 74 0.111111
291 74 0.111111
342 74 0.111111
93 75 0.055556
95 75 0.055556
101 75 0.055556
159 75 0.055556
164 75 0.055556
191 75 0.055556
243 75 0.055556
272 75 0.055556
313 75 0.055556
321 75 0.055556
322 75 0.055556
384 75 0.055556
451 75 0.055556
130 76 0.058824
141 76 0.058824
187 76 0.058824
286 76 0.058824
296 76 0.058824
315 76 0.058824
330 76 0.058824
345 76 0.058824
413 76 0.058824
436 76 0.058824
444 76 0.058824
468 76 0.058824
90 77 0.111111
144 77 0.111111
151 77 0.111111
472 77 0.111111
91 78 0.111111
135 78 0.111111
146 78 0.111111
159 78 0.111111
84 79 0.076923
106 79 0.076923
165 79 0.076923
176 79 0.076923
319 79 0.076923
323 79 0.076923
352 79 0.076923
387 79 0.076923
109 80 0.083333
195 80 0.083333
221 80 0.083333
282 80 0.083333
325 80 0.083333
334 80 0.083333
371 80 0.083333
85 81 0.090909
128 81 0.090909
246 81 0.090909
349 81 0.090909
398 81 0.090909
462 81 0.090909
119 82 0.05
149 82 0.05
177 82 0.05
203 82 0.05
205 82 0.05
213 82 0.05
230 82 0.05
236 82 0.05
242 82 0.05
292 82 0.05
293 82 0.05
332 82 0.05
385 82 0.05
411 82 0.05
474 82 0.05
113 83 0.076923
120 83 0.076923
129 83 0.076923
165 83 0.076923
201 83 0.076923
206 83 0.076923
216 83 0.076923
250 83 0.076923
87 84 0.045455
92 84 0.045455
96 84 0.045455
136 84 0.045455
146 84 0.045455
170 84 0.045455
184 84 0.045455
199 84 0.045455
211 84 0.045455
228 84 0.045455
259 84 0.045455
265 84 0.045455
333 84 0.045455
349 84 0.045455
374 84 0.045455
443 84 0.045455
449 84 0.045455
113 85 0.111111
198 85 0.111111
386 85 0.111111
417 85 0.111111
131 86 0.066667
152 86 0.066667
168 86 0.066667
174 86 0.066667
209 86 0.066667
210 86 0.066667
246 86 0.066667
270 86 0.066667
386 86 0.066667
410 86 0.066667
96 87 0.0625
105 87 0.0625
123 87 0.0625
137 87 0.0625
175 87 0.0625
254 87 0.0625
260 87 0.0625
305 87 0.0625
317 87 0.0625
358 87 0.0625
373 87 0.0625
118 88 0.111111
134 88 0.111111
222 88 0.111111
453 88 0.111111
102 89 0.142857
189 89 0.142857
99 90 0.1
315 90 0.1
362 90 0.1
374 90 0.1
431 90 0.1
144 91 0.125
190 91 0.125
370 91 0.125
187 92 0.0625
193 92 0.0625
250 92 0.0625
255 92 0.0625
262 92 0.0625
291 92 0.0625
310 92 0.0625
380 92 0.0625
409 92 0.0625
423 92 0.0625
426 92 0.0625
116 93 0.083333
141 93 0.083333
181 93 0.083333
293 93 0.083333
302 93 0.083333
331 93 0.083333
377 93 0.083333
117 94 0.076923
120 94 0.076923
128 94 0.076923
258 94 0.076923
284 94 0.076923
286 94 0.076923
394 94 0.076923
432 94 0.076923
130 95 0.083333
145 95 0.083333
157 95 0.083333
166 95 0.083333
182 95 0.083333
197 95 0.083333
220 95 0.083333
184 96 0.125
208 96 0.125
272 96 0.125
170 97 0.125
269 97 0.125
349 97 0.125
245 98 0.111111
257 98 0.111111
326 98 0.111111
387 98 0.111111
133 99 0.055556
142 99 0.055556
169 99 0.055556
178 99 0.055556
183 99 0.055556
286 99 0.055556
383 99 0.055556
407 99 0.055556
427 99 0.055556
444 99 0.055556
457 99 0.055556
466 99 0.055556
467 99 0.055556
143 100 0.125
149 100 0.125
255 100 0.125
331 101 0.166667
311 102 0.111111
329 102 0.111111
337 102 0.111111
467 102 0.111111
207 103 0.090909
225 103 0.090909
263 103 0.090909
286 103 0.090909
350 103 0.090909
357 103 0.090909
117 104 0.142857
382 104 0.142857
124 105 0.055556
131 105 0.055556
138 105 0.055556
162 105 0.055556
214 105 0.055556
218 105 0.055556
253 105 0.055556
258 105 0.055556
264 105 0.055556
284 105 0.055556
300 105 0.055556
368 105 0.055556
435 105 0.055556
171 106 0.1
277 106 0.1
295 106 0.1
316 106 0.1
334 106 0.1
195 107 0.071429
205 107 0.071429
219 107 0.071429
237 107 0.071429
275 107 0.071429
287 107 0.071429
325 107 0.071429
366 107 0.071429
471 107 0.071429
146 108 0.083333
235 108 0.083333
245 108 0.083333
308 108 0.083333
349 108 0.083333
432 108 0.083333
458 108 0.083333
110 109 0.066667
133 109 0.066667
143 109 0.066667
144 109 0.066667
149 109 0.066667
156 109 0.066667
259 109 0.066667
282 109 0.066667
317 109 0.066667
394 109 0.066667
134 110 0.111111
241 110 0.111111
254 110 0.111111
346 110 0.111111
188 111 0.090909
207 111 0.090909
209 111 0.090909
240 111 0.090909
378 111 0.090909
422 111 0.090909
136 112 0.111111
158 112 0.111111
179 112 0.111111
229 112 0.111111
135 113 0.090909
196 113 0.090909
222 113 0.090909
249 113 0.090909
340 113 0.090909
414 113 0.090909
179 114 0.083333
190 114 0.083333
233 114 0.083333
256 114 0.083333
329 114 0.083333
374 114 0.083333
394 114 0.083333
258 115 0.090909
261 115 0.090909
272 115 0.090909
287 115 0.090909
304 115 0.090909
350 115 0.090909
124 116 0.083333
127 116 0.083333
163 116 0.083333
210 116 0.083333
213 116 0.083333
214 116 0.083333
391 116 0.083333
150 118 0.125
338 118 0.125
399 118 0.125
120 119 0.055556
152 119 0.055556
187 119 0.055556
216 119 0.055556
236 119 0.055556
261 119 0.055556
272 119 0.055556
308 119 0.055556
313 119 0.055556
344 119 0.055556
365 119 0.055556
411 119 0.055556
416 119 0.055556
177 120 0.142857
232 120 0.142857
125 121 0.1
126 121 0.1
310 121 0.1
390 121 0.1
452 121 0.1
241 122 0.142857
242 122 0.142857
136 123 0.0625
157 123 0.0625
170 123 0.0625
174 123 0.0625
185 123 0.0625
279 123 0.0625
319 123 0.0625
363 123 0.0625
410 123 0.0625
424 123 0.0625
437 123 0.0625
137 124 0.090909
207 124 0.090909
294 124 0.090909
361 124 0.090909
448 124 0.090909
464 124 0.090909
144 125 0.090909
186 125 0.090909
219 125 0.090909
251 125 0.090909
296 125 0.090909
352 125 0.090909
171 126 0.142857
360 126 0.142857
133 127 0.076923
212 127 0.076923
230 127 0.076923
257 127 0.076923
276 127 0.076923
307 127 0.076923
461 127 0.076923
464 127 0.076923
140 128 0.071429
147 128 0.071429
187 128 0.071429
231 128 0.071429
233 128 0.071429
248 128 0.071429
256 128 0.071429
284 128 0.071429
439 128 0.071429
151 129 0.111111
154 129 0.111111
397 129 0.111111
446 129 0.111111
165 130 0.111111
167 130 0.111111
219 130 0.111111
327 130 0.111111
135 131 0.111111
185 131 0.111111
424 131 0.111111
468 131 0.111111
338 132 0.166667
139 133 0.125
215 133 0.125
421 133 0.125
139 134 0.076923
215 134 0.076923
271 134 0.076923
277 134 0.076923
312 134 0.076923
331 134 0.076923
397 134 0.076923
410 134 0.076923
182 135 0.111111
188 135 0.111111
213 135 0.111111
285 135 0.111111
280 136 0.166667
138 137 0.111111
211 137 0.111111
215 137 0.111111
270 137 0.111111
150 138 0.090909
178 138 0.090909
208 138 0.090909
265 138 0.090909
311 138 0.090909
453 138 0.090909
145 139 0.0625
149 139 0.0625
165 139 0.0625
229 139 0.0625
279 139 0.0625
317 139 0.0625
328 139 0.0625
378 139 0.0625
400 139 0.0625
425 139 0.0625
446 139 0.0625
166 140 0.090909
183 140 0.090909
186 140 0.090909
190 140 0.090909
309 140 0.090909
380 140 0.090909
238 142 0.1
243 142 0.1
346 142 0.1
381 142 0.1
403 142 0.1
204 143 0.111111
218 143 0.111111
263 143 0.111111
445 143 0.111111
161 144 0.05
164 144 0.05
198 144 0.05
211 144 0.05
273 144 0.05
294 144 0.05
310 144 0.05
312 144 0.05
314 144 0.05
357 144 0.05
388 144 0.05
411 144 0.05
415 144 0.05
433 144 0.05
448 144 0.05
183 145 0.166667
167 146 0.111111
308 146 0.111111
392 146 0.111111
427 146 0.111111
187 147 0.166667
154 149 0.125
198 149 0.125
463 149 0.125
189 150 0.1
304 150 0.1
305 150 0.1
346 150 0.1
463 150 0.1
153 151 0.090909
159 151 0.090909
306 151 0.090909
310 151 0.090909
323 151 0.090909
326 151 0.090909
191 152 0.1
346 152 0.1
386 152 0.1
400 152 0.1
409 152 0.1
290 153 0.142857
429 153 0.142857
156 154 0.1
294 154 0.1
442 154 0.1
459 154 0.1
462 154 0.1
199 155 0.058824
202 155 0.058824
224 155 0.058824
236 155 0.058824
241 155 0.058824
263 155 0.058824
283 155 0.058824
404 155 0.058824
412 155 0.058824
419 155 0.058824
420 155 0.058824
428 155 0.058824
210 156 0.076923
218 156 0.076923
300 156 0.076923
341 156 0.076923
405 156 0.076923
411 156 0.076923
462 156 0.076923
466 156 0.076923
238 157 0.111111
289 157 0.111111
364 157 0.111111
387 157 0.111111
160 158 0.1
169 158 0.1
298 158 0.1
330 158 0.1
430 158 0.1
373 159 0.166667
216 160 0.111111
228 160 0.111111
280 160 0.111111
375 160 0.111111
315 161 0.142857
355 161 0.142857
385 162 0.166667
335 163 0.166667
180 164 0.076923
247 164 0.076923
251 164 0.076923
295 164 0.076923
355 164 0.076923
429 164 0.076923
432 164 0.076923
469 164 0.076923
423 165 0.166667
342 166 0.111111
381 166 0.111111
394 166 0.111111
422 166 0.111111
175 167 0.076923
203 167 0.076923
240 167 0.076923
275 167 0.076923
316 167 0.076923
358 167 0.076923
369 167 0.076923
400 167 0.076923
200 168 0.1
278 168 0.1
323 168 0.1
392 168 0.1
458 168 0.1
219 169 0.125
236 169 0.125
243 169 0.125
282 170 0.125
293 170 0.125
467 170 0.125
195 171 0.125
208 171 0.125
227 171 0.125
211 172 0.166667
175 173 0.111111
232 173 0.111111
258 173 0.111111
365 173 0.111111
309 174 0.125
318 174 0.125
322 174 0.125
254 175 0.1
355 175 0.1
376 175 0.1
412 175 0.1
440 175 0.1
249 176 0.111111
283 176 0.111111
398 176 0.111111
427 176 0.111111
209 177 0.066667
248 177 0.066667
262 177 0.066667
271 177 0.066667
299 177 0.066667
377 177 0.066667
417 177 0.066667
459 177 0.066667
464 177 0.066667
470 177 0.066667
235 178 0.142857
306 178 0.142857
193 179 0.125
396 179 0.125
433 179 0.125
351 180 0.142857
455 180 0.142857
224 181 0.090909
299 181 0.090909
319 181 0.090909
358 181 0.090909
361 181 0.090909
413 181 0.090909
242 182 0.142857
350 182 0.142857
454 183 0.142857
462 183 0.142857
198 185 0.1
310 185 0.1
368 185 0.1
384 185 0.1
451 185 0.1
234 186 0.125
336 186 0.125
364 186 0.125
406 187 0.166667
341 188 0.142857
445 188 0.142857
264 189 0.142857
368 189 0.142857
379 190 0.166667
194 191 0.1
239 191 0.1
393 191 0.1
465 191 0.1
466 191 0.1
229 192 0.125
323 192 0.125
388 192 0.125
317 193 0.111111
352 193 0.111111
385 193 0.111111
452 193 0.111111
362 194 0.125
396 194 0.125
445 194 0.125
422 195 0.142857
442 195 0.142857
348 196 0.166667
263 197 0.111111
301 197 0.111111
318 197 0.111111
395 197 0.111111
288 198 0.166667
283 199 0.166667
207 200 0.142857
266 200 0.142857
246 201 0.083333
261 201 0.083333
267 201 0.083333
315 201 0.083333
353 201 0.083333
397 201 0.083333
439 201 0.083333
243 203 0.125
401 203 0.125
405 203 0.125
228 204 0.1
255 204 0.1
290 204 0.1
313 204 0.1
320 204 0.1
217 206 0.090909
254 206 0.090909
318 206 0.090909
360 206 0.090909
435 206 0.090909
463 206 0.090909
343 207 0.166667
252 208 0.142857
469 208 0.142857
407 209 0.166667
324 210 0.111111
376 210 0.111111
384 210 0.111111
459 210 0.111111
369 211 0.142857
468 211 0.142857
219 212 0.111111
290 212 0.111111
369 212 0.111111
426 212 0.111111
229 213 0.125
260 213 0.125
385 213 0.125
224 214 0.111111
231 214 0.111111
393 214 0.111111
438 214 0.111111
228 215 0.142857
361 215 0.142857
370 216 0.166667
311 217 0.142857
401 217 0.142857
385 218 0.166667
324 219 0.166667
223 220 0.166667
277 221 0.125
402 221 0.125
452 221 0.125
227 222 0.090909
231 222 0.090909
249 222 0.090909
313 222 0.090909
350 222 0.090909
356 222 0.090909
248 223 0.142857
416 223 0.142857
254 224 0.111111
329 224 0.111111
333 224 0.111111
434 224 0.111111
268 225 0.1
287 225 0.1
356 225 0.1
381 225 0.1
465 225 0.1
230 226 0.166667
289 227 0.125
327 227 0.125
407 227 0.125
287 228 0.142857
356 228 0.142857
284 229 0.142857
442 229 0.142857
232 230 0.1
304 230 0.1
381 230 0.1
404 230 0.1
431 230 0.1
341 231 0.125
352 231 0.125
472 231 0.125
290 232 0.142857
398 232 0.142857
259 234 0.142857
435 234 0.142857
269 235 0.142857
270 235 0.142857
348 236 0.142857
392 236 0.142857
304 237 0.142857
415 237 0.142857
401 240 0.166667
351 241 0.125
371 241 0.125
428 241 0.125
264 242 0.125
291 242 0.125
409 242 0.125
314 243 0.1
391 243 0.1
405 243 0.1
425 243 0.1
449 243 0.1
330 244 0.111111
331 244 0.111111
393 244 0.111111
395 244 0.111111
303 245 0.125
443 245 0.125
474 245 0.125
458 246 0.166667
363 247 0.142857
419 247 0.142857
339 248 0.142857
384 248 0.142857
285 250 0.166667
418 251 0.166667
443 252 0.166667
399 253 0.142857
473 253 0.142857
311 254 0.166667
333 255 0.166667
364 256 0.142857
447 256 0.142857
309 257 0.142857
440 257 0.142857
291 258 0.166667
266 259 0.1
305 259 0.1
345 259 0.1
363 259 0.1
450 259 0.1
366 262 0.166667
315 263 0.111111
387 263 0.111111
403 263 0.111111
474 263 0.111111
326 264 0.125
406 264 0.125
449 264 0.125
340 265 0.142857
473 265 0.142857
296 266 0.142857
375 266 0.142857
281 267 0.125
336 267 0.125
372 267 0.125
335 268 0.166667
302 269 0.142857
393 269 0.142857
439 270 0.166667
318 271 0.142857
470 271 0.142857
333 272 0.142857
461 272 0.142857
317 273 0.166667
386 274 0.166667
370 275 0.142857
389 275 0.142857
319 276 0.142857
373 276 0.142857
457 277 0.166667
375 279 0.142857
437 279 0.142857
312 280 0.142857
356 280 0.142857
382 282 0.125
432 282 0.125
456 282 0.125
292 284 0.142857
355 284 0.142857
471 286 0.166667
333 287 0.166667
327 289 0.142857
353 289 0.142857
302 290 0.142857
305 290 0.142857
332 291 0.142857
470 291 0.142857
326 293 0.125
362 293 0.125
429 293 0.125
340 294 0.142857
369 294 0.142857
314 295 0.1
360 295 0.1
411 295 0.1
414 295 0.1
424 295 0.1
438 296 0.166667
470 297 0.166667
316 298 0.142857
372 298 0.142857
447 299 0.166667
424 300 0.166667
332 301 0.142857
372 301 0.142857
308 302 0.142857
430 302 0.142857
443 304 0.166667
448 308 0.142857
473 308 0.142857
354 310 0.142857
383 310 0.142857
359 311 0.125
397 311 0.125
399 311 0.125
380 313 0.166667
443 314 0.166667
446 315 0.166667
373 317 0.166667
323 318 0.142857
337 318 0.142857
377 319 0.166667
340 320 0.166667
470 321 0.166667
400 322 0.166667
345 324 0.166667
459 325 0.166667
400 328 0.125
401 328 0.125
414 328 0.125
434 329 0.166667
397 330 0.166667
363 332 0.166667
341 333 0.166667
363 336 0.125
407 336 0.125
437 336 0.125
366 337 0.166667
444 338 0.166667
343 339 0.166667
370 340 0.125
414 340 0.125
441 340 0.125
367 341 0.125
381 341 0.125
407 341 0.125
361 343 0.142857
416 343 0.142857
378 346 0.111111
383 346 0.111111
389 346 0.111111
390 346 0.111111
393 349 0.142857
430 349 0.142857
383 351 0.142857
406 351 0.142857
421 352 0.166667
398 353 0.142857
412 353 0.142857
367 354 0.142857
390 354 0.142857
450 356 0.166667
391 359 0.166667
448 362 0.125
452 362 0.125
472 362 0.125
427 367 0.142857
466 367 0.142857
436 368 0.142857
447 368 0.142857
433 373 0.166667
403 374 0.166667
394 375 0.142857
460 375 0.142857
382 376 0.166667
396 377 0.142857
408 377 0.142857
424 378 0.142857
474 378 0.142857
436 379 0.166667
408 382 0.166667
395 387 0.166667
434 390 0.166667
437 394 0.166667
418 398 0.166667
414 401 0.166667
471 405 0.166667
428 406 0.166667
451 407 0.166667
433 409 0.166667
447 412 0.166667
451 415 0.166667
422 419 0.166667
453 423 0.166667
468 436 0.166667
456 445 0.166667
460 459 0.166667
