0 5 0.013514
0 7 0.02439
0 9 0.015625
0 27 0.052632
0 30 0.05
0 61 0.083333
0 67 0.066667
0 71 0.071429
0 75 0.058824
0 82 0.052632
0 83 0.076923
0 141 0.2
0 145 0.166667
0 180 0.166667
0 193 0.125
0 197 0.111111
0 285 0.2
0 331 0.2
0 344 0.2
0 403 0.2
1 5 0.013514
1 6 0.023256
1 8 0.02
1 9 0.015625
1 10 0.019231
1 15 0.02439
1 18 0.029412
1 19 0.032258
1 21 0.058824
1 23 0.076923
1 29 0.052632
1 31 0.047619
1 34 0.071429
1 38 0.043478
1 43 0.035714
1 45 0.052632
1 49 0.045455
1 50 0.066667
1 54 0.055556
1 57 0.090909
1 60 0.066667
1 72 0.0625
1 73 0.076923
1 85 0.111111
1 94 0.076923
1 97 0.125
1 98 0.111111
1 129 0.125
1 130 0.111111
1 135 0.111111
1 148 0.2
1 153 0.142857
1 173 0.111111
1 177 0.083333
1 178 0.142857
1 181 0.090909
1 191 0.125
1 199 0.166667
1 201 0.090909
1 207 0.166667
1 216 0.166667
1 223 0.142857
1 231 0.142857
1 241 0.125
1 271 0.166667
1 285 0.2
1 307 0.2
1 347 0.2
1 378 0.166667
1 395 0.2
1 421 0.2
1 429 0.2
1 436 0.2
2 5 0.013514
2 6 0.023256
2 12 0.026316
2 17 0.030303
2 19 0.032258
2 25 0.052632
2 30 0.05
2 81 0.1
2 98 0.111111
2 102 0.125
2 193 0.125
2 201 0.090909
2 252 0.2
2 302 0.142857
2 404 0.2
2 434 0.2
2 435 0.2
3 5 0.013514
3 6 0.023256
3 7 0.02439
3 8 0.02
3 11 0.035714
3 12 0.026316
3 16 0.032258
3 20 0.033333
3 34 0.071429
3 35 0.111111
3 47 0.058824
3 61 0.083333
3 65 0.043478
3 66 0.083333
3 67 0.066667
3 72 0.0625
3 82 0.052632
3 90 0.1
3 140 0.090909
3 142 0.1
3 164 0.083333
3 172 0.166667
3 176 0.111111
3 179 0.125
3 205 0.2
3 246 0.2
3 253 0.166667
3 259 0.111111
3 267 0.125
3 274 0.166667
3 327 0.2
3 348 0.2
3 368 0.166667
3 380 0.2
3 396 0.2
3 418 0.2
4 5 0.013514
4 6 0.023256
4 7 0.02439
4 9 0.015625
4 13 0.015152
4 15 0.02439
4 17 0.030303
4 18 0.029412
4 21 0.058824
4 23 0.076923
4 31 0.047619
4 37 0.05
4 46 0.035714
4 53 0.1
4 59 0.055556
4 73 0.076923
4 75 0.058824
4 80 0.083333
4 83 0.076923
4 85 0.111111
4 86 0.066667
4 88 0.125
4 94 0.076923
4 105 0.055556
4 107 0.076923
4 139 0.066667
4 141 0.2
4 150 0.111111
4 166 0.111111
4 172 0.166667
4 176 0.111111
4 217 0.142857
4 230 0.1
4 247 0.142857
4 252 0.2
4 278 0.2
4 292 0.2
4 352 0.166667
4 388 0.2
4 408 0.2
5 6 0.023256
5 7 0.02439
5 8 0.02
5 10 0.019231
5 11 0.035714
5 13 0.015152
5 16 0.032258
5 19 0.032258
5 20 0.033333
5 24 0.043478
5 25 0.052632
5 28 0.066667
5 29 0.052632
5 30 0.05
5 31 0.047619
5 32 0.142857
5 34 0.071429
5 38 0.043478
5 41 0.0625
5 45 0.052632
5 47 0.058824
5 48 0.071429
5 51 0.076923
5 52 0.058824
5 53 0.1
5 66 0.083333
5 67 0.066667
5 72 0.0625
5 77 0.125
5 91 0.125
5 93 0.083333
5 104 0.142857
5 108 0.090909
5 110 0.111111
5 111 0.090909
5 119 0.055556
5 120 0.142857
5 124 0.111111
5 126 0.142857
5 132 0.166667
5 136 0.166667
5 144 0.052632
5 146 0.111111
5 157 0.111111
5 166 0.111111
5 174 0.125
5 197 0.111111
5 204 0.1
5 205 0.2
5 241 0.125
5 249 0.2
5 255 0.166667
5 264 0.142857
5 268 0.166667
5 279 0.142857
5 280 0.142857
5 282 0.142857
5 286 0.2
5 287 0.166667
5 313 0.166667
5 367 0.166667
5 372 0.2
5 389 0.2
5 390 0.166667
5 395 0.2
5 398 0.166667
5 402 0.2
5 405 0.2
5 409 0.166667
6 7 0.02439
6 8 0.02
6 9 0.015625
6 10 0.019231
6 13 0.015152
6 14 0.045455
6 20 0.033333
6 22 0.041667
6 24 0.043478
6 31 0.047619
6 39 0.033333
6 42 0.083333
6 44 0.111111
6 45 0.052632
6 46 0.035714
6 49 0.045455
6 51 0.076923
6 58 0.142857
6 68 0.043478
6 80 0.083333
6 100 0.125
6 101 0.166667
6 111 0.090909
6 121 0.111111
6 195 0.166667
6 196 0.166667
6 221 0.142857
6 227 0.125
6 237 0.142857
6 244 0.111111
6 257 0.166667
6 271 0.166667
6 297 0.2
6 338 0.2
6 344 0.2
6 379 0.166667
6 410 0.2
6 436 0.2
7 8 0.02
7 9 0.015625
7 10 0.019231
7 11 0.035714
7 12 0.026316
7 16 0.032258
7 17 0.030303
7 18 0.029412
7 24 0.043478
7 37 0.05
7 40 0.090909
7 51 0.076923
7 67 0.066667
7 71 0.071429
7 84 0.05
7 126 0.142857
7 129 0.125
7 147 0.166667
7 154 0.142857
7 157 0.111111
7 158 0.1
7 176 0.111111
7 179 0.125
7 204 0.1
7 216 0.166667
7 223 0.142857
7 230 0.1
7 234 0.142857
7 244 0.111111
7 248 0.142857
7 260 0.2
7 274 0.166667
7 276 0.142857
7 332 0.166667
7 379 0.166667
7 437 0.2
8 11 0.035714
8 12 0.026316
8 13 0.015152
8 14 0.045455
8 15 0.02439
8 16 0.032258
8 26 0.058824
8 31 0.047619
8 33 0.05
8 41 0.0625
8 45 0.052632
8 49 0.045455
8 53 0.1
8 63 0.1
8 71 0.071429
8 77 0.125
8 78 0.111111
8 93 0.083333
8 95 0.083333
8 99 0.071429
8 101 0.166667
8 104 0.142857
8 114 0.083333
8 121 0.111111
8 124 0.111111
8 142 0.1
8 163 0.166667
8 169 0.125
8 180 0.166667
8 194 0.142857
8 204 0.1
8 206 0.1
8 214 0.125
8 225 0.111111
8 235 0.142857
8 256 0.166667
8 295 0.1
8 297 0.2
8 298 0.142857
8 321 0.2
8 326 0.2
8 361 0.2
8 387 0.166667
8 419 0.166667
8 425 0.2
9 10 0.019231
9 11 0.035714
9 13 0.015152
9 14 0.045455
9 15 0.02439
9 17 0.030303
9 21 0.058824
9 25 0.052632
9 28 0.066667
9 29 0.052632
9 30 0.05
9 32 0.142857
9 35 0.111111
9 42 0.083333
9 44 0.111111
9 56 0.066667
9 65 0.043478
9 69 0.142857
9 70 0.090909
9 73 0.076923
9 78 0.111111
9 81 0.1
9 85 0.111111
9 86 0.066667
9 95 0.083333
9 100 0.125
9 106 0.1
9 107 0.076923
9 110 0.111111
9 111 0.090909
9 126 0.142857
9 129 0.125
9 131 0.125
9 143 0.125
9 151 0.090909
9 163 0.166667
9 164 0.083333
9 178 0.142857
9 186 0.125
9 190 0.166667
9 196 0.166667
9 210 0.125
9 215 0.142857
9 238 0.2
9 242 0.125
9 256 0.166667
9 270 0.2
9 321 0.2
9 327 0.2
9 328 0.125
9 337 0.166667
9 339 0.166667
9 350 0.2
9 354 0.142857
9 359 0.166667
9 399 0.2
9 416 0.2
9 429 0.2
9 430 0.2
10 12 0.026316
10 20 0.033333
10 21 0.058824
10 28 0.066667
10 29 0.052632
10 33 0.05
10 35 0.111111
10 37 0.05
10 39 0.033333
10 40 0.090909
10 47 0.058824
10 50 0.066667
10 61 0.083333
10 64 0.142857
10 65 0.043478
10 70 0.090909
10 72 0.0625
10 79 0.076923
10 83 0.076923
10 89 0.142857
10 97 0.125
10 127 0.090909
10 148 0.2
10 161 0.142857
10 166 0.111111
10 167 0.076923
10 168 0.111111
10 181 0.090909
10 215 0.142857
10 240 0.166667
10 245 0.166667
10 248 0.142857
10 264 0.142857
10 268 0.166667
10 276 0.142857
10 283 0.2
10 297 0.2
10 301 0.142857
10 328 0.125
10 334 0.2
10 338 0.2
10 348 0.2
10 364 0.2
10 368 0.166667
10 402 0.2
10 423 0.2
10 430 0.2
11 22 0.041667
11 46 0.035714
11 55 0.0625
11 57 0.090909
11 60 0.066667
11 68 0.043478
11 73 0.076923
11 95 0.083333
11 96 0.125
11 115 0.090909
11 116 0.083333
11 122 0.142857
11 148 0.2
11 151 0.090909
11 154 0.142857
11 197 0.111111
11 199 0.166667
11 281 0.2
11 305 0.2
11 324 0.166667
11 379 0.166667
11 403 0.2
11 415 0.2
12 14 0.045455
12 15 0.02439
12 19 0.032258
12 24 0.043478
12 25 0.052632
12 32 0.142857
12 39 0.033333
12 49 0.045455
12 62 0.083333
12 66 0.083333
12 77 0.125
12 81 0.1
12 84 0.05
12 87 0.0625
12 94 0.076923
12 164 0.083333
12 190 0.166667
12 196 0.166667
12 226 0.166667
12 236 0.142857
12 244 0.111111
12 265 0.166667
12 277 0.2
12 283 0.2
12 299 0.2
12 325 0.2
12 342 0.2
12 345 0.2
12 378 0.166667
12 389 0.2
12 419 0.166667
12 425 0.2
12 426 0.2
13 14 0.045455
13 17 0.030303
13 18 0.029412
13 22 0.041667
13 26 0.058824
13 27 0.052632
13 33 0.05
13 34 0.071429
13 38 0.043478
13 42 0.083333
13 48 0.071429
13 50 0.066667
13 57 0.090909
13 64 0.142857
13 82 0.052632
13 91 0.125
13 126 0.142857
13 132 0.166667
13 158 0.1
13 159 0.166667
13 168 0.111111
13 170 0.142857
13 172 0.166667
13 179 0.125
13 180 0.166667
13 188 0.166667
13 197 0.111111
13 203 0.125
13 224 0.111111
13 226 0.166667
13 233 0.2
13 239 0.2
13 252 0.2
13 265 0.166667
13 267 0.125
13 268 0.166667
13 274 0.166667
13 282 0.142857
13 289 0.142857
13 291 0.166667
13 297 0.2
13 299 0.2
13 300 0.166667
13 302 0.142857
13 308 0.2
13 309 0.2
13 311 0.125
13 314 0.2
13 325 0.2
13 330 0.166667
13 338 0.2
13 340 0.142857
13 342 0.2
13 362 0.2
13 364 0.2
13 371 0.2
13 384 0.2
13 415 0.2
13 417 0.2
13 421 0.2
13 428 0.2
14 16 0.032258
14 18 0.029412
14 23 0.076923
14 36 0.0625
14 38 0.043478
14 41 0.0625
14 51 0.076923
14 74 0.111111
14 81 0.1
14 94 0.076923
14 101 0.166667
14 109 0.066667
14 192 0.125
14 225 0.111111
14 247 0.142857
14 401 0.166667
14 425 0.2
15 24 0.043478
15 26 0.058824
15 27 0.052632
15 37 0.05
15 43 0.035714
15 44 0.111111
15 50 0.066667
15 55 0.0625
15 56 0.066667
15 60 0.066667
15 69 0.142857
15 71 0.071429
15 76 0.066667
15 89 0.142857
15 92 0.0625
15 105 0.055556
15 112 0.111111
15 113 0.090909
15 114 0.083333
15 118 0.125
15 140 0.090909
15 141 0.2
15 163 0.166667
15 167 0.076923
15 183 0.2
15 194 0.142857
15 200 0.142857
15 224 0.111111
15 245 0.166667
15 253 0.166667
15 262 0.166667
15 266 0.142857
15 321 0.2
15 322 0.166667
15 367 0.166667
15 388 0.2
16 22 0.041667
16 28 0.066667
16 38 0.043478
16 55 0.0625
16 58 0.142857
16 59 0.055556
16 62 0.083333
16 64 0.142857
16 66 0.083333
16 68 0.043478
16 75 0.058824
16 80 0.083333
16 82 0.052632
16 107 0.076923
16 142 0.1
16 152 0.1
16 177 0.083333
16 185 0.111111
16 201 0.090909
16 205 0.2
16 220 0.166667
16 232 0.142857
16 239 0.2
16 267 0.125
16 295 0.1
16 417 0.2
17 19 0.032258
17 20 0.033333
17 26 0.058824
17 32 0.142857
17 37 0.05
17 46 0.035714
17 53 0.1
17 62 0.083333
17 63 0.1
17 74 0.111111
17 80 0.083333
17 89 0.142857
17 90 0.1
17 102 0.125
17 105 0.055556
17 149 0.142857
17 223 0.142857
17 234 0.142857
17 278 0.2
17 281 0.2
17 298 0.142857
17 351 0.142857
17 354 0.142857
17 365 0.2
17 371 0.2
17 374 0.166667
17 412 0.2
17 423 0.2
18 21 0.058824
18 27 0.052632
18 32 0.142857
18 34 0.071429
18 35 0.111111
18 42 0.083333
18 43 0.035714
18 55 0.0625
18 58 0.142857
18 60 0.066667
18 76 0.066667
18 84 0.05
18 88 0.125
18 97 0.125
18 122 0.142857
18 128 0.076923
18 137 0.111111
18 143 0.125
18 145 0.166667
18 157 0.111111
18 161 0.142857
18 185 0.111111
18 189 0.142857
18 191 0.125
18 229 0.166667
18 244 0.111111
18 284 0.142857
18 357 0.2
18 405 0.2
19 22 0.041667
19 25 0.052632
19 30 0.05
19 33 0.05
19 35 0.111111
19 65 0.043478
19 91 0.125
19 103 0.090909
19 109 0.066667
19 111 0.090909
19 156 0.090909
19 159 0.166667
19 163 0.166667
19 192 0.125
19 235 0.142857
19 269 0.142857
19 292 0.2
19 306 0.2
19 318 0.142857
19 347 0.2
19 351 0.142857
19 365 0.2
19 373 0.166667
19 383 0.2
19 392 0.2
19 412 0.2
20 23 0.076923
20 27 0.052632
20 28 0.066667
20 36 0.0625
20 44 0.111111
20 45 0.052632
20 86 0.066667
20 88 0.125
20 116 0.083333
20 135 0.111111
20 139 0.066667
20 140 0.090909
20 142 0.1
20 154 0.142857
20 162 0.166667
20 175 0.111111
20 194 0.142857
20 293 0.125
20 301 0.142857
20 307 0.2
20 316 0.2
20 329 0.166667
20 339 0.166667
20 347 0.2
20 380 0.2
21 23 0.076923
21 52 0.058824
21 54 0.055556
21 68 0.043478
21 115 0.090909
21 237 0.142857
21 270 0.2
21 275 0.142857
21 307 0.2
21 332 0.166667
21 337 0.166667
21 431 0.2
22 33 0.05
22 36 0.0625
22 49 0.045455
22 88 0.125
22 89 0.142857
22 99 0.071429
22 103 0.090909
22 108 0.090909
22 115 0.090909
22 173 0.111111
22 189 0.142857
22 200 0.142857
22 212 0.111111
22 228 0.142857
22 244 0.111111
22 273 0.166667
22 304 0.2
22 391 0.2
22 416 0.2
23 76 0.066667
23 113 0.090909
23 114 0.083333
23 181 0.090909
23 194 0.142857
23 200 0.142857
23 396 0.2
23 431 0.2
24 36 0.0625
24 51 0.076923
24 52 0.058824
24 98 0.111111
24 167 0.076923
24 192 0.125
24 217 0.142857
24 250 0.166667
24 263 0.125
24 273 0.166667
24 275 0.142857
24 312 0.2
24 325 0.2
24 335 0.2
24 337 0.166667
24 402 0.2
24 404 0.2
24 413 0.2
25 26 0.058824
25 29 0.052632
25 53 0.1
25 107 0.076923
25 115 0.090909
25 118 0.125
25 127 0.090909
25 208 0.166667
25 220 0.166667
25 221 0.142857
25 247 0.142857
25 267 0.125
25 277 0.2
25 362 0.2
26 36 0.0625
26 40 0.090909
26 43 0.035714
26 55 0.0625
26 58 0.142857
26 76 0.066667
26 79 0.076923
26 122 0.142857
26 162 0.166667
26 202 0.2
26 279 0.142857
26 301 0.142857
27 39 0.033333
27 63 0.1
27 83 0.076923
27 116 0.083333
27 122 0.142857
27 132 0.166667
27 155 0.058824
27 172 0.166667
27 217 0.142857
27 226 0.166667
27 238 0.2
27 309 0.2
27 312 0.2
27 406 0.166667
28 47 0.058824
28 104 0.142857
28 160 0.111111
28 203 0.125
28 260 0.2
28 265 0.166667
28 289 0.142857
28 354 0.142857
28 365 0.2
28 420 0.2
29 67 0.066667
29 68 0.043478
29 83 0.076923
29 124 0.111111
29 125 0.090909
29 130 0.111111
29 160 0.111111
29 173 0.111111
29 175 0.111111
29 186 0.125
29 221 0.142857
29 266 0.142857
29 273 0.166667
29 279 0.142857
30 39 0.033333
30 52 0.058824
30 70 0.090909
30 74 0.111111
30 95 0.083333
30 97 0.125
30 106 0.1
30 117 0.2
30 123 0.0625
30 169 0.125
30 173 0.111111
30 196 0.166667
30 294 0.142857
30 366 0.2
30 413 0.2
31 41 0.0625
31 76 0.066667
31 102 0.125
31 140 0.090909
31 178 0.142857
31 182 0.142857
31 202 0.2
31 208 0.166667
31 212 0.111111
31 226 0.166667
31 234 0.142857
31 256 0.166667
31 374 0.166667
31 391 0.2
31 399 0.2
31 434 0.2
32 40 0.090909
32 127 0.090909
33 46 0.035714
33 54 0.055556
33 77 0.125
33 103 0.090909
33 108 0.090909
33 122 0.142857
33 128 0.076923
33 131 0.125
33 134 0.076923
33 212 0.111111
33 233 0.2
33 349 0.142857
33 358 0.2
33 419 0.166667
33 427 0.2
34 59 0.055556
34 85 0.111111
34 176 0.111111
34 213 0.125
34 223 0.142857
34 226 0.166667
34 303 0.2
34 341 0.125
34 406 0.166667
35 94 0.076923
35 192 0.125
35 322 0.166667
35 420 0.2
36 48 0.071429
36 112 0.111111
36 139 0.066667
36 148 0.2
36 222 0.090909
36 276 0.142857
36 334 0.2
36 353 0.142857
36 358 0.2
36 377 0.142857
36 382 0.166667
37 60 0.066667
37 71 0.071429
37 72 0.0625
37 89 0.142857
37 92 0.0625
37 98 0.111111
37 100 0.125
37 109 0.066667
37 148 0.2
37 155 0.058824
37 174 0.125
37 202 0.2
37 217 0.142857
37 233 0.2
37 426 0.2
38 43 0.035714
38 80 0.083333
38 87 0.0625
38 111 0.090909
38 114 0.083333
38 117 0.2
38 145 0.166667
38 156 0.090909
38 160 0.111111
38 170 0.142857
38 188 0.166667
38 225 0.111111
38 242 0.125
38 280 0.142857
38 288 0.2
38 297 0.2
38 353 0.142857
38 421 0.2
39 40 0.090909
39 42 0.083333
39 50 0.066667
39 56 0.066667
39 57 0.090909
39 59 0.055556
39 62 0.083333
39 79 0.076923
39 88 0.125
39 99 0.071429
39 134 0.076923
39 143 0.125
39 150 0.111111
39 152 0.1
39 158 0.1
39 161 0.142857
39 169 0.125
39 184 0.2
39 231 0.142857
39 239 0.2
39 272 0.166667
39 320 0.166667
39 351 0.142857
39 366 0.2
39 422 0.2
40 41 0.0625
40 112 0.111111
40 186 0.125
40 209 0.166667
40 250 0.166667
40 288 0.2
41 77 0.125
41 86 0.066667
41 188 0.166667
41 237 0.142857
41 247 0.142857
41 251 0.166667
41 273 0.166667
41 289 0.142857
41 335 0.2
41 336 0.125
41 343 0.142857
42 44 0.111111
42 59 0.055556
42 276 0.142857
42 298 0.142857
42 328 0.125
42 392 0.2
42 435 0.2
43 61 0.083333
43 62 0.083333
43 63 0.1
43 69 0.142857
43 70 0.090909
43 108 0.090909
43 120 0.142857
43 125 0.090909
43 156 0.090909
43 181 0.090909
43 182 0.142857
43 202 0.2
43 238 0.2
43 274 0.166667
43 293 0.125
43 303 0.2
43 336 0.125
43 347 0.2
43 355 0.2
43 357 0.2
43 382 0.166667
43 418 0.2
43 420 0.2
44 48 0.071429
44 79 0.076923
44 211 0.166667
44 306 0.2
45 73 0.076923
45 98 0.111111
45 103 0.090909
45 133 0.125
45 189 0.142857
45 198 0.166667
45 222 0.090909
45 246 0.2
45 253 0.166667
45 281 0.2
45 288 0.2
45 301 0.142857
45 316 0.2
45 319 0.166667
46 47 0.058824
46 48 0.071429
46 54 0.055556
46 61 0.083333
46 66 0.083333
46 84 0.05
46 110 0.111111
46 114 0.083333
46 118 0.125
46 121 0.111111
46 125 0.090909
46 132 0.166667
46 137 0.111111
46 146 0.111111
46 160 0.111111
46 193 0.125
46 225 0.111111
46 298 0.142857
46 300 0.166667
46 321 0.2
46 367 0.166667
46 415 0.2
46 420 0.2
47 56 0.066667
47 87 0.0625
47 100 0.125
47 112 0.111111
47 123 0.0625
47 125 0.090909
47 147 0.166667
47 199 0.166667
47 324 0.166667
47 334 0.2
47 343 0.142857
47 386 0.2
48 54 0.055556
48 116 0.083333
48 172 0.166667
48 177 0.083333
48 180 0.166667
48 183 0.2
48 222 0.090909
48 303 0.2
48 320 0.166667
49 52 0.058824
49 69 0.142857
49 97 0.125
49 106 0.1
49 109 0.066667
49 113 0.090909
49 147 0.166667
49 168 0.111111
49 206 0.1
49 210 0.125
49 243 0.111111
49 262 0.166667
49 322 0.166667
49 329 0.166667
49 359 0.166667
49 377 0.142857
49 431 0.2
50 78 0.111111
50 96 0.125
50 153 0.142857
50 165 0.166667
50 250 0.166667
50 260 0.2
50 280 0.142857
50 299 0.2
50 303 0.2
50 328 0.125
51 65 0.043478
51 74 0.111111
51 162 0.166667
51 206 0.1
51 370 0.2
51 389 0.2
51 426 0.2
51 433 0.2
52 56 0.066667
52 151 0.090909
52 168 0.111111
52 171 0.125
52 173 0.111111
52 239 0.2
52 252 0.2
52 269 0.142857
52 307 0.2
52 320 0.166667
52 376 0.166667
52 390 0.166667
53 70 0.090909
53 147 0.166667
53 249 0.2
53 335 0.2
53 360 0.2
54 57 0.090909
54 99 0.071429
54 104 0.142857
54 105 0.055556
54 121 0.111111
54 185 0.111111
54 214 0.125
54 257 0.166667
54 274 0.166667
54 314 0.2
54 369 0.2
54 372 0.2
54 423 0.2
55 86 0.066667
55 87 0.0625
55 107 0.076923
55 119 0.055556
55 138 0.1
55 155 0.058824
55 182 0.142857
55 227 0.125
55 251 0.166667
55 253 0.166667
55 347 0.2
56 58 0.142857
56 121 0.111111
56 192 0.125
56 203 0.125
56 212 0.111111
56 259 0.111111
56 281 0.2
56 288 0.2
56 348 0.2
56 359 0.166667
57 90 0.1
57 153 0.142857
57 171 0.125
57 300 0.166667
57 345 0.2
57 356 0.2
58 158 0.1
58 234 0.142857
59 64 0.142857
59 101 0.166667
59 115 0.090909
59 130 0.111111
59 184 0.2
59 191 0.125
59 221 0.142857
59 262 0.166667
59 285 0.2
59 290 0.142857
59 296 0.2
59 339 0.166667
59 371 0.2
60 69 0.142857
60 75 0.058824
60 81 0.1
60 91 0.125
60 93 0.083333
60 118 0.125
60 123 0.0625
60 240 0.166667
60 269 0.142857
60 379 0.166667
61 93 0.083333
61 119 0.055556
61 133 0.125
61 155 0.058824
61 209 0.166667
61 278 0.2
61 344 0.2
62 63 0.1
62 64 0.142857
62 100 0.125
62 103 0.090909
62 295 0.1
62 346 0.111111
62 376 0.166667
63 78 0.111111
63 174 0.125
63 261 0.2
63 275 0.142857
63 360 0.2
64 138 0.1
64 409 0.166667
65 102 0.125
65 119 0.055556
65 127 0.090909
65 132 0.166667
65 150 0.111111
65 213 0.125
65 214 0.125
65 220 0.166667
65 240 0.166667
65 251 0.166667
65 257 0.166667
65 258 0.166667
65 261 0.2
65 271 0.166667
65 343 0.142857
65 402 0.2
65 410 0.2
65 432 0.2
66 74 0.111111
66 90 0.1
66 108 0.090909
66 201 0.090909
66 218 0.166667
66 336 0.125
66 418 0.2
67 82 0.052632
67 104 0.142857
67 112 0.111111
67 134 0.076923
67 152 0.1
67 161 0.142857
67 266 0.142857
67 353 0.142857
67 357 0.2
67 404 0.2
68 92 0.0625
68 110 0.111111
68 123 0.0625
68 128 0.076923
68 195 0.166667
68 204 0.1
68 227 0.125
68 232 0.142857
68 245 0.166667
68 255 0.166667
68 268 0.166667
68 292 0.2
68 294 0.142857
68 320 0.166667
68 324 0.166667
68 375 0.166667
68 417 0.2
68 428 0.2
69 155 0.058824
69 306 0.2
70 79 0.076923
70 162 0.166667
70 237 0.142857
70 330 0.166667
70 344 0.2
70 408 0.2
71 78 0.111111
71 117 0.2
71 129 0.125
71 200 0.142857
71 235 0.142857
71 339 0.166667
71 359 0.166667
71 376 0.166667
71 388 0.2
72 75 0.058824
72 106 0.1
72 153 0.142857
72 171 0.125
72 184 0.2
72 206 0.1
72 218 0.166667
72 278 0.2
72 296 0.2
72 354 0.142857
72 413 0.2
73 92 0.0625
73 136 0.166667
73 137 0.111111
73 138 0.1
73 220 0.166667
73 342 0.2
73 375 0.166667
73 408 0.2
74 96 0.125
74 131 0.125
74 291 0.166667
74 342 0.2
75 93 0.083333
75 95 0.083333
75 101 0.166667
75 159 0.166667
75 164 0.083333
75 191 0.125
75 243 0.111111
75 272 0.166667
75 313 0.166667
75 321 0.2
75 322 0.166667
75 384 0.2
76 130 0.111111
76 141 0.2
76 187 0.166667
76 286 0.2
76 296 0.2
76 315 0.2
76 330 0.166667
76 345 0.2
76 413 0.2
76 436 0.2
77 90 0.1
77 144 0.052632
77 151 0.090909
78 91 0.125
78 135 0.111111
78 146 0.111111
78 159 0.166667
79 84 0.05
79 106 0.1
79 165 0.166667
79 176 0.111111
79 319 0.166667
79 323 0.2
79 352 0.166667
79 387 0.166667
80 109 0.066667
80 195 0.166667
80 221 0.142857
80 282 0.142857
80 325 0.2
80 334 0.2
80 371 0.2
81 85 0.111111
81 128 0.076923
81 246 0.2
81 349 0.142857
81 398 0.166667
82 119 0.055556
82 149 0.142857
82 177 0.083333
82 203 0.125
82 205 0.2
82 213 0.125
82 230 0.1
82 236 0.142857
82 242 0.125
82 292 0.2
82 293 0.125
82 332 0.166667
82 385 0.2
82 411 0.2
83 113 0.090909
83 120 0.142857
83 129 0.125
83 165 0.166667
83 201 0.090909
83 206 0.1
83 216 0.166667
83 250 0.166667
84 87 0.0625
84 92 0.0625
84 96 0.125
84 136 0.166667
84 146 0.111111
84 170 0.142857
84 184 0.2
84 199 0.166667
84 211 0.166667
84 228 0.142857
84 259 0.111111
84 265 0.166667
84 333 0.166667
84 349 0.142857
84 374 0.166667
85 113 0.090909
85 198 0.166667
85 386 0.2
85 417 0.2
86 131 0.125
86 152 0.1
86 168 0.111111
86 174 0.125
86 209 0.166667
86 210 0.125
86 246 0.2
86 270 0.2
86 386 0.2
86 410 0.2
87 96 0.125
87 105 0.055556
87 123 0.0625
87 137 0.111111
87 175 0.111111
87 254 0.166667
87 260 0.2
87 305 0.2
87 317 0.166667
87 358 0.2
87 373 0.166667
88 118 0.125
88 134 0.076923
88 222 0.090909
89 102 0.125
89 189 0.142857
90 99 0.071429
90 315 0.2
90 362 0.2
90 374 0.166667
90 431 0.2
91 144 0.052632
91 190 0.166667
91 370 0.2
92 187 0.166667
92 193 0.125
92 250 0.166667
92 255 0.166667
92 262 0.166667
92 291 0.166667
92 310 0.142857
92 380 0.2
92 409 0.166667
92 423 0.2
92 426 0.2
93 116 0.083333
93 141 0.2
93 181 0.090909
93 293 0.125
93 302 0.142857
93 331 0.2
93 377 0.142857
94 117 0.2
94 120 0.142857
94 128 0.076923
94 258 0.166667
94 284 0.142857
94 286 0.2
94 394 0.166667
94 432 0.2
95 130 0.111111
95 145 0.166667
95 157 0.111111
95 166 0.111111
95 182 0.142857
95 197 0.111111
95 220 0.166667
96 184 0.2
96 208 0.166667
96 272 0.166667
97 170 0.142857
97 269 0.142857
97 349 0.142857
98 245 0.166667
98 257 0.166667
98 326 0.2
98 387 0.166667
99 133 0.125
99 142 0.1
99 169 0.125
99 178 0.142857
99 183 0.2
99 286 0.2
99 383 0.2
99 407 0.2
99 427 0.2
100 143 0.125
100 149 0.142857
100 255 0.166667
101 331 0.2
102 311 0.125
102 329 0.166667
102 337 0.166667
103 207 0.166667
103 225 0.111111
103 263 0.125
103 286 0.2
103 350 0.2
103 357 0.2
104 117 0.2
104 382 0.166667
105 124 0.111111
105 131 0.125
105 138 0.1
105 162 0.166667
105 214 0.125
105 218 0.166667
105 253 0.166667
105 258 0.166667
105 264 0.142857
105 284 0.142857
105 300 0.166667
105 368 0.166667
105 435 0.2
106 171 0.125
106 277 0.2
106 295 0.1
106 316 0.2
106 334 0.2
107 195 0.166667
107 205 0.2
107 219 0.166667
107 237 0.142857
107 275 0.142857
107 287 0.166667
107 325 0.2
107 366 0.2
108 146 0.111111
108 235 0.142857
108 245 0.166667
108 308 0.2
108 349 0.142857
108 432 0.2
109 110 0.111111
109 133 0.125
109 143 0.125
109 144 0.052632
109 149 0.142857
109 156 0.090909
109 259 0.111111
109 282 0.142857
109 317 0.166667
109 394 0.166667
110 134 0.076923
110 241 0.125
110 254 0.166667
110 346 0.111111
111 188 0.166667
111 207 0.166667
111 209 0.166667
111 240 0.166667
111 378 0.166667
111 422 0.2
112 136 0.166667
112 158 0.1
112 179 0.125
112 229 0.166667
113 135 0.111111
113 196 0.166667
113 222 0.090909
113 249 0.2
113 340 0.142857
113 414 0.2
114 179 0.125
114 190 0.166667
114 233 0.2
114 256 0.166667
114 329 0.166667
114 374 0.166667
114 394 0.166667
115 258 0.166667
115 261 0.2
115 272 0.166667
115 287 0.166667
115 304 0.2
115 350 0.2
116 124 0.111111
116 127 0.090909
116 163 0.166667
116 210 0.125
116 213 0.125
116 214 0.125
116 391 0.2
118 150 0.111111
118 338 0.2
118 399 0.2
119 120 0.142857
119 152 0.1
119 187 0.166667
119 216 0.166667
119 236 0.142857
119 261 0.2
119 272 0.166667
119 308 0.2
119 313 0.166667
119 344 0.2
119 365 0.2
119 411 0.2
119 416 0.2
120 177 0.083333
120 232 0.142857
121 125 0.090909
121 126 0.142857
121 310 0.142857
121 390 0.166667
122 241 0.125
122 242 0.125
123 136 0.166667
123 157 0.111111
123 170 0.142857
123 174 0.125
123 185 0.111111
123 279 0.142857
123 319 0.166667
123 363 0.2
123 410 0.2
123 424 0.2
123 437 0.2
124 137 0.111111
124 207 0.166667
124 294 0.142857
124 361 0.2
125 144 0.052632
125 186 0.125
125 219 0.166667
125 251 0.166667
125 296 0.2
125 352 0.166667
126 171 0.125
126 360 0.2
127 133 0.125
127 212 0.111111
127 230 0.1
127 257 0.166667
127 276 0.142857
127 307 0.2
128 140 0.090909
128 147 0.166667
128 187 0.166667
128 231 0.142857
128 233 0.2
128 248 0.142857
128 256 0.166667
128 284 0.142857
129 151 0.090909
129 154 0.142857
129 397 0.2
130 165 0.166667
130 167 0.076923
130 219 0.166667
130 327 0.2
131 135 0.111111
131 185 0.111111
131 424 0.2
132 338 0.2
133 139 0.066667
133 215 0.142857
133 421 0.2
134 139 0.066667
134 215 0.142857
134 271 0.166667
134 277 0.2
134 312 0.2
134 331 0.2
134 397 0.2
134 410 0.2
135 182 0.142857
135 188 0.166667
135 213 0.125
135 285 0.2
136 280 0.142857
137 138 0.1
137 211 0.166667
137 215 0.142857
137 270 0.2
138 150 0.111111
138 178 0.142857
138 208 0.166667
138 265 0.166667
138 311 0.125
139 145 0.166667
139 149 0.142857
139 165 0.166667
139 229 0.166667
139 279 0.142857
139 317 0.166667
139 328 0.125
139 378 0.166667
139 400 0.2
139 425 0.2
140 166 0.111111
140 183 0.2
140 186 0.125
140 190 0.166667
140 309 0.2
140 380 0.2
142 238 0.2
142 243 0.111111
142 346 0.111111
142 381 0.2
142 403 0.2
143 204 0.1
143 218 0.166667
143 263 0.125
144 161 0.142857
144 164 0.083333
144 198 0.166667
144 211 0.166667
144 273 0.166667
144 294 0.142857
144 310 0.142857
144 312 0.2
144 314 0.2
144 357 0.2
144 388 0.2
144 411 0.2
144 415 0.2
144 433 0.2
145 183 0.2
146 167 0.076923
146 308 0.2
146 392 0.2
146 427 0.2
147 187 0.166667
149 154 0.142857
149 198 0.166667
150 189 0.142857
150 304 0.2
150 305 0.2
150 346 0.111111
151 153 0.142857
151 159 0.166667
151 306 0.2
151 310 0.142857
151 323 0.2
151 326 0.2
152 191 0.125
152 346 0.111111
152 386 0.2
152 400 0.2
152 409 0.166667
153 290 0.142857
153 429 0.2
154 156 0.090909
154 294 0.142857
155 199 0.166667
155 202 0.2
155 224 0.111111
155 236 0.142857
155 241 0.125
155 263 0.125
155 283 0.2
155 404 0.2
155 412 0.2
155 419 0.166667
155 420 0.2
155 428 0.2
156 210 0.125
156 218 0.166667
156 300 0.166667
156 341 0.125
156 405 0.2
156 411 0.2
157 238 0.2
157 289 0.142857
157 364 0.2
157 387 0.166667
158 160 0.111111
158 169 0.125
158 298 0.142857
158 330 0.166667
158 430 0.2
159 373 0.166667
160 216 0.166667
160 228 0.142857
160 280 0.142857
160 375 0.166667
161 315 0.2
161 355 0.2
162 385 0.2
163 335 0.2
164 180 0.166667
164 247 0.142857
164 251 0.166667
164 295 0.1
164 355 0.2
164 429 0.2
164 432 0.2
165 423 0.2
166 342 0.2
166 381 0.2
166 394 0.166667
166 422 0.2
167 175 0.111111
167 203 0.125
167 240 0.166667
167 275 0.142857
167 316 0.2
167 358 0.2
167 369 0.2
167 400 0.2
168 200 0.142857
168 278 0.2
168 323 0.2
168 392 0.2
169 219 0.166667
169 236 0.142857
169 243 0.111111
170 282 0.142857
170 293 0.125
171 195 0.166667
171 208 0.166667
171 227 0.125
172 211 0.166667
173 175 0.111111
173 232 0.142857
173 258 0.166667
173 365 0.2
174 309 0.2
174 318 0.142857
174 322 0.166667
175 254 0.166667
175 355 0.2
175 376 0.166667
175 412 0.2
176 249 0.2
176 283 0.2
176 398 0.166667
176 427 0.2
177 209 0.166667
177 248 0.142857
177 262 0.166667
177 271 0.166667
177 299 0.2
177 377 0.142857
177 417 0.2
178 235 0.142857
178 306 0.2
179 193 0.125
179 396 0.2
179 433 0.2
180 351 0.142857
181 224 0.111111
181 299 0.2
181 319 0.166667
181 358 0.2
181 361 0.2
181 413 0.2
182 242 0.125
182 350 0.2
185 198 0.166667
185 310 0.142857
185 368 0.166667
185 384 0.2
186 234 0.142857
186 336 0.125
186 364 0.2
187 406 0.166667
188 341 0.125
189 264 0.142857
189 368 0.166667
190 379 0.166667
191 194 0.142857
191 239 0.2
191 393 0.2
192 229 0.166667
192 323 0.2
192 388 0.2
193 317 0.166667
193 352 0.166667
193 385 0.2
194 362 0.2
194 396 0.2
195 422 0.2
196 348 0.2
197 263 0.125
197 301 0.142857
197 318 0.142857
197 395 0.2
198 288 0.2
199 283 0.2
200 207 0.166667
200 266 0.142857
201 246 0.2
201 261 0.2
201 267 0.125
201 315 0.2
201 353 0.142857
201 397 0.2
203 243 0.111111
203 401 0.166667
203 405 0.2
204 228 0.142857
204 255 0.166667
204 290 0.142857
204 313 0.166667
204 320 0.166667
206 217 0.142857
206 254 0.166667
206 318 0.142857
206 360 0.2
206 435 0.2
207 343 0.142857
208 252 0.2
209 407 0.2
210 324 0.166667
210 376 0.166667
210 384 0.2
211 369 0.2
212 219 0.166667
212 290 0.142857
212 369 0.2
212 426 0.2
213 229 0.166667
213 260 0.2
213 385 0.2
214 224 0.111111
214 231 0.142857
214 393 0.2
215 228 0.142857
215 361 0.2
216 370 0.2
217 311 0.125
217 401 0.166667
218 385 0.2
219 324 0.166667
220 223 0.142857
221 277 0.2
221 402 0.2
222 227 0.125
222 231 0.142857
222 249 0.2
222 313 0.166667
222 350 0.2
222 356 0.2
223 248 0.142857
223 416 0.2
224 254 0.166667
224 329 0.166667
224 333 0.166667
224 434 0.2
225 268 0.166667
225 287 0.166667
225 356 0.2
225 381 0.2
226 230 0.1
227 289 0.142857
227 327 0.2
227 407 0.2
228 287 0.166667
228 356 0.2
229 284 0.142857
230 232 0.142857
230 304 0.2
230 381 0.2
230 404 0.2
230 431 0.2
231 341 0.125
231 352 0.166667
232 290 0.142857
232 398 0.166667
234 259 0.111111
234 435 0.2
235 269 0.142857
235 270 0.2
236 348 0.2
236 392 0.2
237 304 0.2
237 415 0.2
240 401 0.166667
241 351 0.142857
241 371 0.2
241 428 0.2
242 264 0.142857
242 291 0.166667
242 409 0.166667
243 314 0.2
243 391 0.2
243 405 0.2
243 425 0.2
244 330 0.166667
244 331 0.2
244 393 0.2
244 395 0.2
245 303 0.2
247 363 0.2
247 419 0.166667
248 339 0.166667
248 384 0.2
250 285 0.2
251 418 0.2
253 399 0.2
254 311 0.125
255 333 0.166667
256 364 0.2
257 309 0.2
258 291 0.166667
259 266 0.142857
259 305 0.2
259 345 0.2
259 363 0.2
262 366 0.2
263 315 0.2
263 387 0.166667
263 403 0.2
264 326 0.2
264 406 0.166667
265 340 0.142857
266 296 0.2
266 375 0.166667
267 281 0.2
267 336 0.125
267 372 0.2
268 335 0.2
269 302 0.142857
269 393 0.2
271 318 0.142857
272 333 0.166667
273 317 0.166667
274 386 0.2
275 370 0.2
275 389 0.2
276 319 0.166667
276 373 0.166667
279 375 0.166667
279 437 0.2
280 312 0.2
280 356 0.2
282 382 0.166667
282 432 0.2
284 292 0.2
284 355 0.2
287 333 0.166667
289 327 0.2
289 353 0.142857
290 302 0.142857
290 305 0.2
291 332 0.166667
293 326 0.2
293 362 0.2
293 429 0.2
294 340 0.142857
294 369 0.2
295 314 0.2
295 360 0.2
295 411 0.2
295 414 0.2
295 424 0.2
298 316 0.2
298 372 0.2
300 424 0.2
301 332 0.166667
301 372 0.2
302 308 0.2
302 430 0.2
310 354 0.142857
310 383 0.2
311 359 0.166667
311 397 0.2
311 399 0.2
313 380 0.2
317 373 0.166667
318 323 0.2
318 337 0.166667
319 377 0.142857
320 340 0.142857
322 400 0.2
324 345 0.2
328 400 0.2
328 401 0.166667
328 414 0.2
329 434 0.2
330 397 0.2
332 363 0.2
333 341 0.125
336 363 0.2
336 407 0.2
336 437 0.2
337 366 0.2
339 343 0.142857
340 370 0.2
340 414 0.2
341 367 0.166667
341 381 0.2
341 407 0.2
343 361 0.2
343 416 0.2
346 378 0.166667
346 383 0.2
346 389 0.2
346 390 0.166667
349 393 0.2
349 430 0.2
351 383 0.2
351 406 0.166667
352 421 0.2
353 398 0.166667
353 412 0.2
354 367 0.166667
354 390 0.166667
359 391 0.2
367 427 0.2
368 436 0.2
373 433 0.2
374 403 0.2
375 394 0.166667
376 382 0.166667
377 396 0.2
377 408 0.2
378 424 0.2
379 436 0.2
382 408 0.2
387 395 0.2
390 434 0.2
394 437 0.2
398 418 0.2
401 414 0.2
406 428 0.2
409 433 0.2
419 422 0.2
5 0 0.05
7 0 0.05
9 0 0.05
27 0 0.05
30 0 0.05
61 0 0.05
67 0 0.05
71 0 0.05
75 0 0.05
82 0 0.05
83 0 0.05
141 0 0.05
145 0 0.05
180 0 0.05
193 0 0.05
197 0 0.05
285 0 0.05
331 0 0.05
344 0 0.05
403 0 0.05
5 1 0.018868
6 1 0.018868
8 1 0.018868
9 1 0.018868
10 1 0.018868
15 1 0.018868
18 1 0.018868
19 1 0.018868
21 1 0.018868
23 1 0.018868
29 1 0.018868
31 1 0.018868
34 1 0.018868
38 1 0.018868
43 1 0.018868
45 1 0.018868
49 1 0.018868
50 1 0.018868
54 1 0.018868
57 1 0.018868
60 1 0.018868
72 1 0.018868
73 1 0.018868
85 1 0.018868
94 1 0.018868
97 1 0.018868
98 1 0.018868
129 1 0.018868
130 1 0.018868
135 1 0.018868
148 1 0.018868
153 1 0.018868
173 1 0.018868
177 1 0.018868
178 1 0.018868
181 1 0.018868
191 1 0.018868
199 1 0.018868
201 1 0.018868
207 1 0.018868
216 1 0.018868
223 1 0.018868
231 1 0.018868
241 1 0.018868
271 1 0.018868
285 1 0.018868
307 1 0.018868
347 1 0.018868
378 1 0.018868
395 1 0.018868
421 1 0.018868
429 1 0.018868
436 1 0.018868
5 2 0.058824
6 2 0.058824
12 2 0.058824
17 2 0.058824
19 2 0.058824
25 2 0.058824
30 2 0.058824
81 2 0.058824
98 2 0.058824
102 2 0.058824
193 2 0.058824
201 2 0.058824
252 2 0.058824
302 2 0.058824
404 2 0.058824
434 2 0.058824
435 2 0.058824
5 3 0.027778
6 3 0.027778
7 3 0.027778
8 3 0.027778
11 3 0.027778
12 3 0.027778
16 3 0.027778
20 3 0.027778
34 3 0.027778
35 3 0.027778
47 3 0.027778
61 3 0.027778
65 3 0.027778
66 3 0.027778
67 3 0.027778
72 3 0.027778
82 3 0.027778
90 3 0.027778
140 3 0.027778
142 3 0.027778
164 3 0.027778
172 3 0.027778
176 3 0.027778
179 3 0.027778
205 3 0.027778
246 3 0.027778
253 3 0.027778
259 3 0.027778
267 3 0.027778
274 3 0.027778
327 3 0.027778
348 3 0.027778
368 3 0.027778
380 3 0.027778
396 3 0.027778
418 3 0.027778
5 4 0.025
6 4 0.025
7 4 0.025
9 4 0.025
13 4 0.025
15 4 0.025
17 4 0.025
18 4 0.025
21 4 0.025
23 4 0.025
31 4 0.025
37 4 0.025
46 4 0.025
53 4 0.025
59 4 0.025
73 4 0.025
75 4 0.025
80 4 0.025
83 4 0.025
85 4 0.025
86 4 0.025
88 4 0.025
94 4 0.025
105 4 0.025
107 4 0.025
139 4 0.025
141 4 0.025
150 4 0.025
166 4 0.025
172 4 0.025
176 4 0.025
217 4 0.025
230 4 0.025
247 4 0.025
252 4 0.025
278 4 0.025
292 4 0.025
352 4 0.025
388 4 0.025
408 4 0.025
6 5 0.013514
7 5 0.013514
8 5 0.013514
10 5 0.013514
11 5 0.013514
13 5 0.013514
16 5 0.013514
19 5 0.013514
20 5 0.013514
24 5 0.013514
25 5 0.013514
28 5 0.013514
29 5 0.013514
30 5 0.013514
31 5 0.013514
32 5 0.013514
34 5 0.013514
38 5 0.013514
41 5 0.013514
45 5 0.013514
47 5 0.013514
48 5 0.013514
51 5 0.013514
52 5 0.013514
53 5 0.013514
66 5 0.013514
67 5 0.013514
72 5 0.013514
77 5 0.013514
91 5 0.013514
93 5 0.013514
104 5 0.013514
108 5 0.013514
110 5 0.013514
111 5 0.013514
119 5 0.013514
120 5 0.013514
124 5 0.013514
126 5 0.013514
132 5 0.013514
136 5 0.013514
144 5 0.013514
146 5 0.013514
157 5 0.013514
166 5 0.013514
174 5 0.013514
197 5 0.013514
204 5 0.013514
205 5 0.013514
241 5 0.013514
249 5 0.013514
255 5 0.013514
264 5 0.013514
268 5 0.013514
279 5 0.013514
280 5 0.013514
282 5 0.013514
286 5 0.013514
287 5 0.013514
313 5 0.013514
367 5 0.013514
372 5 0.013514
389 5 0.013514
390 5 0.013514
395 5 0.013514
398 5 0.013514
402 5 0.013514
405 5 0.013514
409 5 0.013514
7 6 0.023256
8 6 0.023256
9 6 0.023256
10 6 0.023256
13 6 0.023256
14 6 0.023256
20 6 0.023256
22 6 0.023256
24 6 0.023256
31 6 0.023256
39 6 0.023256
42 6 0.023256
44 6 0.023256
45 6 0.023256
46 6 0.023256
49 6 0.023256
51 6 0.023256
58 6 0.023256
68 6 0.023256
80 6 0.023256
100 6 0.023256
101 6 0.023256
111 6 0.023256
121 6 0.023256
195 6 0.023256
196 6 0.023256
221 6 0.023256
227 6 0.023256
237 6 0.023256
244 6 0.023256
257 6 0.023256
271 6 0.023256
297 6 0.023256
338 6 0.023256
344 6 0.023256
379 6 0.023256
410 6 0.023256
436 6 0.023256
8 7 0.02439
9 7 0.02439
10 7 0.02439
11 7 0.02439
12 7 0.02439
16 7 0.02439
17 7 0.02439
18 7 0.02439
24 7 0.02439
37 7 0.02439
40 7 0.02439
51 7 0.02439
67 7 0.02439
71 7 0.02439
84 7 0.02439
126 7 0.02439
129 7 0.02439
147 7 0.02439
154 7 0.02439
157 7 0.02439
158 7 0.02439
176 7 0.02439
179 7 0.02439
204 7 0.02439
216 7 0.02439
223 7 0.02439
230 7 0.02439
234 7 0.02439
244 7 0.02439
248 7 0.02439
260 7 0.02439
274 7 0.02439
276 7 0.02439
332 7 0.02439
379 7 0.02439
437 7 0.02439
11 8 0.02
12 8 0.02
13 8 0.02
14 8 0.02
15 8 0.02
16 8 0.02
26 8 0.02
31 8 0.02
33 8 0.02
41 8 0.02
45 8 0.02
49 8 0.02
53 8 0.02
63 8 0.02
71 8 0.02
77 8 0.02
78 8 0.02
93 8 0.02
95 8 0.02
99 8 0.02
101 8 0.02
104 8 0.02
114 8 0.02
121 8 0.02
124 8 0.02
142 8 0.02
163 8 0.02
169 8 0.02
180 8 0.02
194 8 0.02
204 8 0.02
206 8 0.02
214 8 0.02
225 8 0.02
235 8 0.02
256 8 0.02
295 8 0.02
297 8 0.02
298 8 0.02
321 8 0.02
326 8 0.02
361 8 0.02
387 8 0.02
419 8 0.02
425 8 0.02
10 9 0.015625
11 9 0.015625
13 9 0.015625
14 9 0.015625
15 9 0.015625
17 9 0.015625
21 9 0.015625
25 9 0.015625
28 9 0.015625
29 9 0.015625
30 9 0.015625
32 9 0.015625
35 9 0.015625
42 9 0.015625
44 9 0.015625
56 9 0.015625
65 9 0.015625
69 9 0.015625
70 9 0.015625
73 9 0.015625
78 9 0.015625
81 9 0.015625
85 9 0.015625
86 9 0.015625
95 9 0.015625
100 9 0.015625
106 9 0.015625
107 9 0.015625
110 9 0.015625
111 9 0.015625
126 9 0.015625
129 9 0.015625
131 9 0.015625
143 9 0.015625
151 9 0.015625
163 9 0.015625
164 9 0.015625
178 9 0.015625
186 9 0.015625
190 9 0.015625
196 9 0.015625
210 9 0.015625
215 9 0.015625
238 9 0.015625
242 9 0.015625
256 9 0.015625
270 9 0.015625
321 9 0.015625
327 9 0.015625
328 9 0.015625
337 9 0.015625
339 9 0.015625
350 9 0.015625
354 9 0.015625
359 9 0.015625
399 9 0.015625
416 9 0.015625
429 9 0.015625
430 9 0.015625
12 10 0.019231
20 10 0.019231
21 10 0.019231
28 10 0.019231
29 10 0.019231
33 10 0.019231
35 10 0.019231
37 10 0.019231
39 10 0.019231
40 10 0.019231
47 10 0.019231
50 10 0.019231
61 10 0.019231
64 10 0.019231
65 10 0.019231
70 10 0.019231
72 10 0.019231
79 10 0.019231
83 10 0.019231
89 10 0.019231
97 10 0.019231
127 10 0.019231
148 10 0.019231
161 10 0.019231
166 10 0.019231
167 10 0.019231
168 10 0.019231
181 10 0.019231
215 10 0.019231
240 10 0.019231
245 10 0.019231
248 10 0.019231
264 10 0.019231
268 10 0.019231
276 10 0.019231
283 10 0.019231
297 10 0.019231
301 10 0.019231
328 10 0.019231
334 10 0.019231
338 10 0.019231
348 10 0.019231
364 10 0.019231
368 10 0.019231
402 10 0.019231
423 10 0.019231
430 10 0.019231
22 11 0.035714
46 11 0.035714
55 11 0.035714
57 11 0.035714
60 11 0.035714
68 11 0.035714
73 11 0.035714
95 11 0.035714
96 11 0.035714
115 11 0.035714
116 11 0.035714
122 11 0.035714
148 11 0.035714
151 11 0.035714
154 11 0.035714
197 11 0.035714
199 11 0.035714
281 11 0.035714
305 11 0.035714
324 11 0.035714
379 11 0.035714
403 11 0.035714
415 11 0.035714
14 12 0.026316
15 12 0.026316
19 12 0.026316
24 12 0.026316
25 12 0.026316
32 12 0.026316
39 12 0.026316
49 12 0.026316
62 12 0.026316
66 12 0.026316
77 12 0.026316
81 12 0.026316
84 12 0.026316
87 12 0.026316
94 12 0.026316
164 12 0.026316
190 12 0.026316
196 12 0.026316
226 12 0.026316
236 12 0.026316
244 12 0.026316
265 12 0.026316
277 12 0.026316
283 12 0.026316
299 12 0.026316
325 12 0.026316
342 12 0.026316
345 12 0.026316
378 12 0.026316
389 12 0.026316
419 12 0.026316
425 12 0.026316
426 12 0.026316
14 13 0.015152
17 13 0.015152
18 13 0.015152
22 13 0.015152
26 13 0.015152
27 13 0.015152
33 13 0.015152
34 13 0.015152
38 13 0.015152
42 13 0.015152
48 13 0.015152
50 13 0.015152
57 13 0.015152
64 13 0.015152
82 13 0.015152
91 13 0.015152
126 13 0.015152
132 13 0.015152
158 13 0.015152
159 13 0.015152
168 13 0.015152
170 13 0.015152
172 13 0.015152
179 13 0.015152
180 13 0.015152
188 13 0.015152
197 13 0.015152
203 13 0.015152
224 13 0.015152
226 13 0.015152
233 13 0.015152
239 13 0.015152
252 13 0.015152
265 13 0.015152
267 13 0.015152
268 13 0.015152
274 13 0.015152
282 13 0.015152
289 13 0.015152
291 13 0.015152
297 13 0.015152
299 13 0.015152
300 13 0.015152
302 13 0.015152
308 13 0.015152
309 13 0.015152
311 13 0.015152
314 13 0.015152
325 13 0.015152
330 13 0.015152
338 13 0.015152
340 13 0.015152
342 13 0.015152
362 13 0.015152
364 13 0.015152
371 13 0.015152
384 13 0.015152
415 13 0.015152
417 13 0.015152
421 13 0.015152
428 13 0.015152
16 14 0.045455
18 14 0.045455
23 14 0.045455
36 14 0.045455
38 14 0.045455
41 14 0.045455
51 14 0.045455
74 14 0.045455
81 14 0.045455
94 14 0.045455
101 14 0.045455
109 14 0.045455
192 14 0.045455
225 14 0.045455
247 14 0.045455
401 14 0.045455
425 14 0.045455
24 15 0.02439
26 15 0.02439
27 15 0.02439
37 15 0.02439
43 15 0.02439
44 15 0.02439
50 15 0.02439
55 15 0.02439
56 15 0.02439
60 15 0.02439
69 15 0.02439
71 15 0.02439
76 15 0.02439
89 15 0.02439
92 15 0.02439
105 15 0.02439
112 15 0.02439
113 15 0.02439
114 15 0.02439
118 15 0.02439
140 15 0.02439
141 15 0.02439
163 15 0.02439
167 15 0.02439
183 15 0.02439
194 15 0.02439
200 15 0.02439
224 15 0.02439
245 15 0.02439
253 15 0.02439
262 15 0.02439
266 15 0.02439
321 15 0.02439
322 15 0.02439
367 15 0.02439
388 15 0.02439
22 16 0.032258
28 16 0.032258
38 16 0.032258
55 16 0.032258
58 16 0.032258
59 16 0.032258
62 16 0.032258
64 16 0.032258
66 16 0.032258
68 16 0.032258
75 16 0.032258
80 16 0.032258
82 16 0.032258
107 16 0.032258
142 16 0.032258
152 16 0.032258
177 16 0.032258
185 16 0.032258
201 16 0.032258
205 16 0.032258
220 16 0.032258
232 16 0.032258
239 16 0.032258
267 16 0.032258
295 16 0.032258
417 16 0.032258
19 17 0.030303
20 17 0.030303
26 17 0.030303
32 17 0.030303
37 17 0.030303
46 17 0.030303
53 17 0.030303
62 17 0.030303
63 17 0.030303
74 17 0.030303
80 17 0.030303
89 17 0.030303
90 17 0.030303
102 17 0.030303
105 17 0.030303
149 17 0.030303
223 17 0.030303
234 17 0.030303
278 17 0.030303
281 17 0.030303
298 17 0.030303
351 17 0.030303
354 17 0.030303
365 17 0.030303
371 17 0.030303
374 17 0.030303
412 17 0.030303
423 17 0.030303
21 18 0.029412
27 18 0.029412
32 18 0.029412
34 18 0.029412
35 18 0.029412
42 18 0.029412
43 18 0.029412
55 18 0.029412
58 18 0.029412
60 18 0.029412
76 18 0.029412
84 18 0.029412
88 18 0.029412
97 18 0.029412
122 18 0.029412
128 18 0.029412
137 18 0.029412
143 18 0.029412
145 18 0.029412
157 18 0.029412
161 18 0.029412
185 18 0.029412
189 18 0.029412
191 18 0.029412
229 18 0.029412
244 18 0.029412
284 18 0.029412
357 18 0.029412
405 18 0.029412
22 19 0.032258
25 19 0.032258
30 19 0.032258
33 19 0.032258
35 19 0.032258
65 19 0.032258
91 19 0.032258
103 19 0.032258
109 19 0.032258
111 19 0.032258
156 19 0.032258
159 19 0.032258
163 19 0.032258
192 19 0.032258
235 19 0.032258
269 19 0.032258
292 19 0.032258
306 19 0.032258
318 19 0.032258
347 19 0.032258
351 19 0.032258
365 19 0.032258
373 19 0.032258
383 19 0.032258
392 19 0.032258
412 19 0.032258
23 20 0.033333
27 20 0.033333
28 20 0.033333
36 20 0.033333
44 20 0.033333
45 20 0.033333
86 20 0.033333
88 20 0.033333
116 20 0.033333
135 20 0.033333
139 20 0.033333
140 20 0.033333
142 20 0.033333
154 20 0.033333
162 20 0.033333
175 20 0.033333
194 20 0.033333
293 20 0.033333
301 20 0.033333
307 20 0.033333
316 20 0.033333
329 20 0.033333
339 20 0.033333
347 20 0.033333
380 20 0.033333
23 21 0.058824
52 21 0.058824
54 21 0.058824
68 21 0.058824
115 21 0.058824
237 21 0.058824
270 21 0.058824
275 21 0.058824
307 21 0.058824
332 21 0.058824
337 21 0.058824
431 21 0.058824
33 22 0.041667
36 22 0.041667
49 22 0.041667
88 22 0.041667
89 22 0.041667
99 22 0.041667
103 22 0.041667
108 22 0.041667
115 22 0.041667
173 22 0.041667
189 22 0.041667
200 22 0.041667
212 22 0.041667
228 22 0.041667
244 22 0.041667
273 22 0.041667
304 22 0.041667
391 22 0.041667
416 22 0.041667
76 23 0.076923
113 23 0.076923
114 23 0.076923
181 23 0.076923
194 23 0.076923
200 23 0.076923
396 23 0.076923
431 23 0.076923
36 24 0.043478
51 24 0.043478
52 24 0.043478
98 24 0.043478
167 24 0.043478
192 24 0.043478
217 24 0.043478
250 24 0.043478
263 24 0.043478
273 24 0.043478
275 24 0.043478
312 24 0.043478
325 24 0.043478
335 24 0.043478
337 24 0.043478
402 24 0.043478
404 24 0.043478
413 24 0.043478
26 25 0.052632
29 25 0.052632
53 25 0.052632
107 25 0.052632
115 25 0.052632
118 25 0.052632
127 25 0.052632
208 25 0.052632
220 25 0.052632
221 25 0.052632
247 25 0.052632
267 25 0.052632
277 25 0.052632
362 25 0.052632
36 26 0.058824
40 26 0.058824
43 26 0.058824
55 26 0.058824
58 26 0.058824
76 26 0.058824
79 26 0.058824
122 26 0.058824
162 26 0.058824
202 26 0.058824
279 26 0.058824
301 26 0.058824
39 27 0.052632
63 27 0.052632
83 27 0.052632
116 27 0.052632
122 27 0.052632
132 27 0.052632
155 27 0.052632
172 27 0.052632
217 27 0.052632
226 27 0.052632
238 27 0.052632
309 27 0.052632
312 27 0.052632
406 27 0.052632
47 28 0.066667
104 28 0.066667
160 28 0.066667
203 28 0.066667
260 28 0.066667
265 28 0.066667
289 28 0.066667
354 28 0.066667
365 28 0.066667
420 28 0.066667
67 29 0.052632
68 29 0.052632
83 29 0.052632
124 29 0.052632
125 29 0.052632
130 29 0.052632
160 29 0.052632
173 29 0.052632
175 29 0.052632
186 29 0.052632
221 29 0.052632
266 29 0.052632
273 29 0.052632
279 29 0.052632
39 30 0.05
52 30 0.05
70 30 0.05
74 30 0.05
95 30 0.05
97 30 0.05
106 30 0.05
117 30 0.05
123 30 0.05
169 30 0.05
173 30 0.05
196 30 0.05
294 30 0.05
366 30 0.05
413 30 0.05
41 31 0.047619
76 31 0.047619
102 31 0.047619
140 31 0.047619
178 31 0.047619
182 31 0.047619
202 31 0.047619
208 31 0.047619
212 31 0.047619
226 31 0.047619
234 31 0.047619
256 31 0.047619
374 31 0.047619
391 31 0.047619
399 31 0.047619
434 31 0.047619
40 32 0.142857
127 32 0.142857
46 33 0.05
54 33 0.05
77 33 0.05
103 33 0.05
108 33 0.05
122 33 0.05
128 33 0.05
131 33 0.05
134 33 0.05
212 33 0.05
233 33 0.05
349 33 0.05
358 33 0.05
419 33 0.05
427 33 0.05
59 34 0.071429
85 34 0.071429
176 34 0.071429
213 34 0.071429
223 34 0.071429
226 34 0.071429
303 34 0.071429
341 34 0.071429
406 34 0.071429
94 35 0.111111
192 35 0.111111
322 35 0.111111
420 35 0.111111
48 36 0.0625
112 36 0.0625
139 36 0.0625
148 36 0.0625
222 36 0.0625
276 36 0.0625
334 36 0.0625
353 36 0.0625
358 36 0.0625
377 36 0.0625
382 36 0.0625
60 37 0.05
71 37 0.05
72 37 0.05
89 37 0.05
92 37 0.05
98 37 0.05
100 37 0.05
109 37 0.05
148 37 0.05
155 37 0.05
174 37 0.05
202 37 0.05
217 37 0.05
233 37 0.05
426 37 0.05
43 38 0.043478
80 38 0.043478
87 38 0.043478
111 38 0.043478
114 38 0.043478
117 38 0.043478
145 38 0.043478
156 38 0.043478
160 38 0.043478
170 38 0.043478
188 38 0.043478
225 38 0.043478
242 38 0.043478
280 38 0.043478
288 38 0.043478
297 38 0.043478
353 38 0.043478
421 38 0.043478
40 39 0.033333
42 39 0.033333
50 39 0.033333
56 39 0.033333
57 39 0.033333
59 39 0.033333
62 39 0.033333
79 39 0.033333
88 39 0.033333
99 39 0.033333
134 39 0.033333
143 39 0.033333
150 39 0.033333
152 39 0.033333
158 39 0.033333
161 39 0.033333
169 39 0.033333
184 39 0.033333
231 39 0.033333
239 39 0.033333
272 39 0.033333
320 39 0.033333
351 39 0.033333
366 39 0.033333
422 39 0.033333
41 40 0.090909
112 40 0.090909
186 40 0.090909
209 40 0.090909
250 40 0.090909
288 40 0.090909
77 41 0.0625
86 41 0.0625
188 41 0.0625
237 41 0.0625
247 41 0.0625
251 41 0.0625
273 41 0.0625
289 41 0.0625
335 41 0.0625
336 41 0.0625
343 41 0.0625
44 42 0.083333
59 42 0.083333
276 42 0.083333
298 42 0.083333
328 42 0.083333
392 42 0.083333
435 42 0.083333
61 43 0.035714
62 43 0.035714
63 43 0.035714
69 43 0.035714
70 43 0.035714
108 43 0.035714
120 43 0.035714
125 43 0.035714
156 43 0.035714
181 43 0.035714
182 43 0.035714
202 43 0.035714
238 43 0.035714
274 43 0.035714
293 43 0.035714
303 43 0.035714
336 43 0.035714
347 43 0.035714
355 43 0.035714
357 43 0.035714
382 43 0.035714
418 43 0.035714
420 43 0.035714
48 44 0.111111
79 44 0.111111
211 44 0.111111
306 44 0.111111
73 45 0.052632
98 45 0.052632
103 45 0.052632
133 45 0.052632
189 45 0.052632
198 45 0.052632
222 45 0.052632
246 45 0.052632
253 45 0.052632
281 45 0.052632
288 45 0.052632
301 45 0.052632
316 45 0.052632
319 45 0.052632
47 46 0.035714
48 46 0.035714
54 46 0.035714
61 46 0.035714
66 46 0.035714
84 46 0.035714
110 46 0.035714
114 46 0.035714
118 46 0.035714
121 46 0.035714
125 46 0.035714
132 46 0.035714
137 46 0.035714
146 46 0.035714
160 46 0.035714
193 46 0.035714
225 46 0.035714
298 46 0.035714
300 46 0.035714
321 46 0.035714
367 46 0.035714
415 46 0.035714
420 46 0.035714
56 47 0.058824
87 47 0.058824
100 47 0.058824
112 47 0.058824
123 47 0.058824
125 47 0.058824
147 47 0.058824
199 47 0.058824
324 47 0.058824
334 47 0.058824
343 47 0.058824
386 47 0.058824
54 48 0.071429
116 48 0.071429
172 48 0.071429
177 48 0.071429
180 48 0.071429
183 48 0.071429
222 48 0.071429
303 48 0.071429
320 48 0.071429
52 49 0.045455
69 49 0.045455
97 49 0.045455
106 49 0.045455
109 49 0.045455
113 49 0.045455
147 49 0.045455
168 49 0.045455
206 49 0.045455
210 49 0.045455
243 49 0.045455
262 49 0.045455
322 49 0.045455
329 49 0.045455
359 49 0.045455
377 49 0.045455
431 49 0.045455
78 50 0.066667
96 50 0.066667
153 50 0.066667
165 50 0.066667
250 50 0.066667
260 50 0.066667
280 50 0.066667
299 50 0.066667
303 50 0.066667
328 50 0.066667
65 51 0.076923
74 51 0.076923
162 51 0.076923
206 51 0.076923
370 51 0.076923
389 51 0.076923
426 51 0.076923
433 51 0.076923
56 52 0.058824
151 52 0.058824
168 52 0.058824
171 52 0.058824
173 52 0.058824
239 52 0.058824
252 52 0.058824
269 52 0.058824
307 52 0.058824
320 52 0.058824
376 52 0.058824
390 52 0.058824
70 53 0.1
147 53 0.1
249 53 0.1
335 53 0.1
360 53 0.1
57 54 0.055556
99 54 0.055556
104 54 0.055556
105 54 0.055556
121 54 0.055556
185 54 0.055556
214 54 0.055556
257 54 0.055556
274 54 0.055556
314 54 0.055556
369 54 0.055556
372 54 0.055556
423 54 0.055556
86 55 0.0625
87 55 0.0625
107 55 0.0625
119 55 0.0625
138 55 0.0625
155 55 0.0625
182 55 0.0625
227 55 0.0625
251 55 0.0625
253 55 0.0625
347 55 0.0625
58 56 0.066667
121 56 0.066667
192 56 0.066667
203 56 0.066667
212 56 0.066667
259 56 0.066667
281 56 0.066667
288 56 0.066667
348 56 0.066667
359 56 0.066667
90 57 0.090909
153 57 0.090909
171 57 0.090909
300 57 0.090909
345 57 0.090909
356 57 0.090909
158 58 0.142857
234 58 0.142857
64 59 0.055556
101 59 0.055556
115 59 0.055556
130 59 0.055556
184 59 0.055556
191 59 0.055556
221 59 0.055556
262 59 0.055556
285 59 0.055556
290 59 0.055556
296 59 0.055556
339 59 0.055556
371 59 0.055556
69 60 0.066667
75 60 0.066667
81 60 0.066667
91 60 0.066667
93 60 0.066667
118 60 0.066667
123 60 0.066667
240 60 0.066667
269 60 0.066667
379 60 0.066667
93 61 0.083333
119 61 0.083333
133 61 0.083333
155 61 0.083333
209 61 0.083333
278 61 0.083333
344 61 0.083333
63 62 0.083333
64 62 0.083333
100 62 0.083333
103 62 0.083333
295 62 0.083333
346 62 0.083333
376 62 0.083333
78 63 0.1
174 63 0.1
261 63 0.1
275 63 0.1
360 63 0.1
138 64 0.142857
409 64 0.142857
102 65 0.043478
119 65 0.043478
127 65 0.043478
132 65 0.043478
150 65 0.043478
213 65 0.043478
214 65 0.043478
220 65 0.043478
240 65 0.043478
251 65 0.043478
257 65 0.043478
258 65 0.043478
261 65 0.043478
271 65 0.043478
343 65 0.043478
402 65 0.043478
410 65 0.043478
432 65 0.043478
74 66 0.083333
90 66 0.083333
108 66 0.083333
201 66 0.083333
218 66 0.083333
336 66 0.083333
418 66 0.083333
82 67 0.066667
104 67 0.066667
112 67 0.066667
134 67 0.066667
152 67 0.066667
161 67 0.066667
266 67 0.066667
353 67 0.066667
357 67 0.066667
404 67 0.066667
92 68 0.043478
110 68 0.043478
123 68 0.043478
128 68 0.043478
195 68 0.043478
204 68 0.043478
227 68 0.043478
232 68 0.043478
245 68 0.043478
255 68 0.043478
268 68 0.043478
292 68 0.043478
294 68 0.043478
320 68 0.043478
324 68 0.043478
375 68 0.043478
417 68 0.043478
428 68 0.043478
155 69 0.142857
306 69 0.142857
79 70 0.090909
162 70 0.090909
237 70 0.090909
330 70 0.090909
344 70 0.090909
408 70 0.090909
78 71 0.071429
117 71 0.071429
129 71 0.071429
200 71 0.071429
235 71 0.071429
339 71 0.071429
359 71 0.071429
376 71 0.071429
388 71 0.071429
75 72 0.0625
106 72 0.0625
153 72 0.0625
171 72 0.0625
184 72 0.0625
206 72 0.0625
218 72 0.0625
278 72 0.0625
296 72 0.0625
354 72 0.0625
413 72 0.0625
92 73 0.076923
136 73 0.076923
137 73 0.076923
138 73 0.076923
220 73 0.076923
342 73 0.076923
375 73 0.076923
408 73 0.076923
96 74 0.111111
131 74 0.111111
291 74 0.111111
342 74 0.111111
93 75 0.058824
95 75 0.058824
101 75 0.058824
159 75 0.058824
164 75 0.058824
191 75 0.058824
243 75 0.058824
272 75 0.058824
313 75 0.058824
321 75 0.058824
322 75 0.058824
384 75 0.058824
130 76 0.066667
141 76 0.066667
187 76 0.066667
286 76 0.066667
296 76 0.066667
315 76 0.066667
330 76 0.066667
345 76 0.066667
413 76 0.066667
436 76 0.066667
90 77 0.125
144 77 0.125
151 77 0.125
91 78 0.111111
135 78 0.111111
146 78 0.111111
159 78 0.111111
84 79 0.076923
106 79 0.076923
165 79 0.076923
176 79 0.076923
319 79 0.076923
323 79 0.076923
352 79 0.076923
387 79 0.076923
109 80 0.083333
195 80 0.083333
221 80 0.083333
282 80 0.083333
325 80 0.083333
334 80 0.083333
371 80 0.083333
85 81 0.1
128 81 0.1
246 81 0.1
349 81 0.1
398 81 0.1
119 82 0.052632
149 82 0.052632
177 82 0.052632
203 82 0.052632
205 82 0.052632
213 82 0.052632
230 82 0.052632
236 82 0.052632
242 82 0.052632
292 82 0.052632
293 82 0.052632
332 82 0.052632
385 82 0.052632
411 82 0.052632
113 83 0.076923
120 83 0.076923
129 83 0.076923
165 83 0.076923
201 83 0.076923
206 83 0.076923
216 83 0.076923
250 83 0.076923
87 84 0.05
92 84 0.05
96 84 0.05
136 84 0.05
146 84 0.05
170 84 0.05
184 84 0.05
199 84 0.05
211 84 0.05
228 84 0.05
259 84 0.05
265 84 0.05
333 84 0.05
349 84 0.05
374 84 0.05
113 85 0.111111
198 85 0.111111
386 85 0.111111
417 85 0.111111
131 86 0.066667
152 86 0.066667
168 86 0.066667
174 86 0.066667
209 86 0.066667
210 86 0.066667
246 86 0.066667
270 86 0.066667
386 86 0.066667
410 86 0.066667
96 87 0.0625
105 87 0.0625
123 87 0.0625
137 87 0.0625
175 87 0.0625
254 87 0.0625
260 87 0.0625
305 87 0.0625
317 87 0.0625
358 87 0.0625
373 87 0.0625
118 88 0.125
134 88 0.125
222 88 0.125
102 89 0.142857
189 89 0.142857
99 90 0.1
315 90 0.1
362 90 0.1
374 90 0.1
431 90 0.1
144 91 0.125
190 91 0.125
370 91 0.125
187 92 0.0625
193 92 0.0625
250 92 0.0625
255 92 0.0625
262 92 0.0625
291 92 0.0625
310 92 0.0625
380 92 0.0625
409 92 0.0625
423 92 0.0625
426 92 0.0625
116 93 0.083333
141 93 0.083333
181 93 0.083333
293 93 0.083333
302 93 0.083333
331 93 0.083333
377 93 0.083333
117 94 0.076923
120 94 0.076923
128 94 0.076923
258 94 0.076923
284 94 0.076923
286 94 0.076923
394 94 0.076923
432 94 0.076923
130 95 0.083333
145 95 0.083333
157 95 0.083333
166 95 0.083333
182 95 0.083333
197 95 0.083333
220 95 0.083333
184 96 0.125
208 96 0.125
272 96 0.125
170 97 0.125
269 97 0.125
349 97 0.125
245 98 0.111111
257 98 0.111111
326 98 0.111111
387 98 0.111111
133 99 0.071429
142 99 0.071429
169 99 0.071429
178 99 0.071429
183 99 0.071429
286 99 0.071429
383 99 0.071429
407 99 0.071429
427 99 0.071429
143 100 0.125
149 100 0.125
255 100 0.125
331 101 0.166667
311 102 0.125
329 102 0.125
337 102 0.125
207 103 0.090909
225 103 0.090909
263 103 0.090909
286 103 0.090909
350 103 0.090909
357 103 0.090909
117 104 0.142857
382 104 0.142857
124 105 0.055556
131 105 0.055556
138 105 0.055556
162 105 0.055556
214 105 0.055556
218 105 0.055556
253 105 0.055556
258 105 0.055556
264 105 0.055556
284 105 0.055556
300 105 0.055556
368 105 0.055556
435 105 0.055556
171 106 0.1
277 106 0.1
295 106 0.1
316 106 0.1
334 106 0.1
195 107 0.076923
205 107 0.076923
219 107 0.076923
237 107 0.076923
275 107 0.076923
287 107 0.076923
325 107 0.076923
366 107 0.076923
146 108 0.090909
235 108 0.090909
245 108 0.090909
308 108 0.090909
349 108 0.090909
432 108 0.090909
110 109 0.066667
133 109 0.066667
143 109 0.066667
144 109 0.066667
149 109 0.066667
156 109 0.066667
259 109 0.066667
282 109 0.066667
317 109 0.066667
394 109 0.066667
134 110 0.111111
241 110 0.111111
254 110 0.111111
346 110 0.111111
188 111 0.090909
207 111 0.090909
209 111 0.090909
240 111 0.090909
378 111 0.090909
422 111 0.090909
136 112 0.111111
158 112 0.111111
179 112 0.111111
229 112 0.111111
135 113 0.090909
196 113 0.090909
222 113 0.090909
249 113 0.090909
340 113 0.090909
414 113 0.090909
179 114 0.083333
190 114 0.083333
233 114 0.083333
256 114 0.083333
329 114 0.083333
374 114 0.083333
394 114 0.083333
258 115 0.090909
261 115 0.090909
272 115 0.090909
287 115 0.090909
304 115 0.090909
350 115 0.090909
124 116 0.083333
127 116 0.083333
163 116 0.083333
210 116 0.083333
213 116 0.083333
214 116 0.083333
391 116 0.083333
150 118 0.125
338 118 0.125
399 118 0.125
120 119 0.055556
152 119 0.055556
187 119 0.055556
216 119 0.055556
236 119 0.055556
261 119 0.055556
272 119 0.055556
308 119 0.055556
313 119 0.055556
344 119 0.055556
365 119 0.055556
411 119 0.055556
416 119 0.055556
177 120 0.142857
232 120 0.142857
125 121 0.111111
126 121 0.111111
310 121 0.111111
390 121 0.111111
241 122 0.142857
242 122 0.142857
136 123 0.0625
157 123 0.0625
170 123 0.0625
174 123 0.0625
185 123 0.0625
279 123 0.0625
319 123 0.0625
363 123 0.0625
410 123 0.0625
424 123 0.0625
437 123 0.0625
137 124 0.111111
207 124 0.111111
294 124 0.111111
361 124 0.111111
144 125 0.090909
186 125 0.090909
219 125 0.090909
251 125 0.090909
296 125 0.090909
352 125 0.090909
171 126 0.142857
360 126 0.142857
133 127 0.090909
212 127 0.090909
230 127 0.090909
257 127 0.090909
276 127 0.090909
307 127 0.090909
140 128 0.076923
147 128 0.076923
187 128 0.076923
231 128 0.076923
233 128 0.076923
248 128 0.076923
256 128 0.076923
284 128 0.076923
151 129 0.125
154 129 0.125
397 129 0.125
165 130 0.111111
167 130 0.111111
219 130 0.111111
327 130 0.111111
135 131 0.125
185 131 0.125
424 131 0.125
338 132 0.166667
139 133 0.125
215 133 0.125
421 133 0.125
139 134 0.076923
215 134 0.076923
271 134 0.076923
277 134 0.076923
312 134 0.076923
331 134 0.076923
397 134 0.076923
410 134 0.076923
182 135 0.111111
188 135 0.111111
213 135 0.111111
285 135 0.111111
280 136 0.166667
138 137 0.111111
211 137 0.111111
215 137 0.111111
270 137 0.111111
150 138 0.1
178 138 0.1
208 138 0.1
265 138 0.1
311 138 0.1
145 139 0.066667
149 139 0.066667
165 139 0.066667
229 139 0.066667
279 139 0.066667
317 139 0.066667
328 139 0.066667
378 139 0.066667
400 139 0.066667
425 139 0.066667
166 140 0.090909
183 140 0.090909
186 140 0.090909
190 140 0.090909
309 140 0.090909
380 140 0.090909
238 142 0.1
243 142 0.1
346 142 0.1
381 142 0.1
403 142 0.1
204 143 0.125
218 143 0.125
263 143 0.125
161 144 0.052632
164 144 0.052632
198 144 0.052632
211 144 0.052632
273 144 0.052632
294 144 0.052632
310 144 0.052632
312 144 0.052632
314 144 0.052632
357 144 0.052632
388 144 0.052632
411 144 0.052632
415 144 0.052632
433 144 0.052632
183 145 0.166667
167 146 0.111111
308 146 0.111111
392 146 0.111111
427 146 0.111111
187 147 0.166667
154 149 0.142857
198 149 0.142857
189 150 0.111111
304 150 0.111111
305 150 0.111111
346 150 0.111111
153 151 0.090909
159 151 0.090909
306 151 0.090909
310 151 0.090909
323 151 0.090909
326 151 0.090909
191 152 0.1
346 152 0.1
386 152 0.1
400 152 0.1
409 152 0.1
290 153 0.142857
429 153 0.142857
156 154 0.142857
294 154 0.142857
199 155 0.058824
202 155 0.058824
224 155 0.058824
236 155 0.058824
241 155 0.058824
263 155 0.058824
283 155 0.058824
404 155 0.058824
412 155 0.058824
419 155 0.058824
420 155 0.058824
428 155 0.058824
210 156 0.090909
218 156 0.090909
300 156 0.090909
341 156 0.090909
405 156 0.090909
411 156 0.090909
238 157 0.111111
289 157 0.111111
364 157 0.111111
387 157 0.111111
160 158 0.1
169 158 0.1
298 158 0.1
330 158 0.1
430 158 0.1
373 159 0.166667
216 160 0.111111
228 160 0.111111
280 160 0.111111
375 160 0.111111
315 161 0.142857
355 161 0.142857
385 162 0.166667
335 163 0.166667
180 164 0.083333
247 164 0.083333
251 164 0.083333
295 164 0.083333
355 164 0.083333
429 164 0.083333
432 164 0.083333
423 165 0.166667
342 166 0.111111
381 166 0.111111
394 166 0.111111
422 166 0.111111
175 167 0.076923
203 167 0.076923
240 167 0.076923
275 167 0.076923
316 167 0.076923
358 167 0.076923
369 167 0.076923
400 167 0.076923
200 168 0.111111
278 168 0.111111
323 168 0.111111
392 168 0.111111
219 169 0.125
236 169 0.125
243 169 0.125
282 170 0.142857
293 170 0.142857
195 171 0.125
208 171 0.125
227 171 0.125
211 172 0.166667
175 173 0.111111
232 173 0.111111
258 173 0.111111
365 173 0.111111
309 174 0.125
318 174 0.125
322 174 0.125
254 175 0.111111
355 175 0.111111
376 175 0.111111
412 175 0.111111
249 176 0.111111
283 176 0.111111
398 176 0.111111
427 176 0.111111
209 177 0.083333
248 177 0.083333
262 177 0.083333
271 177 0.083333
299 177 0.083333
377 177 0.083333
417 177 0.083333
235 178 0.142857
306 178 0.142857
193 179 0.125
396 179 0.125
433 179 0.125
351 180 0.166667
224 181 0.090909
299 181 0.090909
319 181 0.090909
358 181 0.090909
361 181 0.090909
413 181 0.090909
242 182 0.142857
350 182 0.142857
198 185 0.111111
310 185 0.111111
368 185 0.111111
384 185 0.111111
234 186 0.125
336 186 0.125
364 186 0.125
406 187 0.166667
341 188 0.166667
264 189 0.142857
368 189 0.142857
379 190 0.166667
194 191 0.125
239 191 0.125
393 191 0.125
229 192 0.125
323 192 0.125
388 192 0.125
317 193 0.125
352 193 0.125
385 193 0.125
362 194 0.142857
396 194 0.142857
422 195 0.166667
348 196 0.166667
263 197 0.111111
301 197 0.111111
318 197 0.111111
395 197 0.111111
288 198 0.166667
283 199 0.166667
207 200 0.142857
266 200 0.142857
246 201 0.090909
261 201 0.090909
267 201 0.090909
315 201 0.090909
353 201 0.090909
397 201 0.090909
243 203 0.125
401 203 0.125
405 203 0.125
228 204 0.1
255 204 0.1
290 204 0.1
313 204 0.1
320 204 0.1
217 206 0.1
254 206 0.1
318 206 0.1
360 206 0.1
435 206 0.1
343 207 0.166667
252 208 0.166667
407 209 0.166667
324 210 0.125
376 210 0.125
384 210 0.125
369 211 0.166667
219 212 0.111111
290 212 0.111111
369 212 0.111111
426 212 0.111111
229 213 0.125
260 213 0.125
385 213 0.125
224 214 0.125
231 214 0.125
393 214 0.125
228 215 0.142857
361 215 0.142857
370 216 0.166667
311 217 0.142857
401 217 0.142857
385 218 0.166667
324 219 0.166667
223 220 0.166667
277 221 0.142857
402 221 0.142857
227 222 0.090909
231 222 0.090909
249 222 0.090909
313 222 0.090909
350 222 0.090909
356 222 0.090909
248 223 0.142857
416 223 0.142857
254 224 0.111111
329 224 0.111111
333 224 0.111111
434 224 0.111111
268 225 0.111111
287 225 0.111111
356 225 0.111111
381 225 0.111111
230 226 0.166667
289 227 0.125
327 227 0.125
407 227 0.125
287 228 0.142857
356 228 0.142857
284 229 0.166667
232 230 0.1
304 230 0.1
381 230 0.1
404 230 0.1
431 230 0.1
341 231 0.142857
352 231 0.142857
290 232 0.142857
398 232 0.142857
259 234 0.142857
435 234 0.142857
269 235 0.142857
270 235 0.142857
348 236 0.142857
392 236 0.142857
304 237 0.142857
415 237 0.142857
401 240 0.166667
351 241 0.125
371 241 0.125
428 241 0.125
264 242 0.125
291 242 0.125
409 242 0.125
314 243 0.111111
391 243 0.111111
405 243 0.111111
425 243 0.111111
330 244 0.111111
331 244 0.111111
393 244 0.111111
395 244 0.111111
303 245 0.166667
363 247 0.142857
419 247 0.142857
339 248 0.142857
384 248 0.142857
285 250 0.166667
418 251 0.166667
399 253 0.166667
311 254 0.166667
333 255 0.166667
364 256 0.166667
309 257 0.166667
291 258 0.166667
266 259 0.111111
305 259 0.111111
345 259 0.111111
363 259 0.111111
366 262 0.166667
315 263 0.125
387 263 0.125
403 263 0.125
326 264 0.142857
406 264 0.142857
340 265 0.166667
296 266 0.142857
375 266 0.142857
281 267 0.125
336 267 0.125
372 267 0.125
335 268 0.166667
302 269 0.142857
393 269 0.142857
318 271 0.166667
333 272 0.166667
317 273 0.166667
386 274 0.166667
370 275 0.142857
389 275 0.142857
319 276 0.142857
373 276 0.142857
375 279 0.142857
437 279 0.142857
312 280 0.142857
356 280 0.142857
382 282 0.142857
432 282 0.142857
292 284 0.142857
355 284 0.142857
333 287 0.166667
327 289 0.142857
353 289 0.142857
302 290 0.142857
305 290 0.142857
332 291 0.166667
326 293 0.125
362 293 0.125
429 293 0.125
340 294 0.142857
369 294 0.142857
314 295 0.1
360 295 0.1
411 295 0.1
414 295 0.1
424 295 0.1
316 298 0.142857
372 298 0.142857
424 300 0.166667
332 301 0.142857
372 301 0.142857
308 302 0.142857
430 302 0.142857
354 310 0.142857
383 310 0.142857
359 311 0.125
397 311 0.125
399 311 0.125
380 313 0.166667
373 317 0.166667
323 318 0.142857
337 318 0.142857
377 319 0.166667
340 320 0.166667
400 322 0.166667
345 324 0.166667
400 328 0.125
401 328 0.125
414 328 0.125
434 329 0.166667
397 330 0.166667
363 332 0.166667
341 333 0.166667
363 336 0.125
407 336 0.125
437 336 0.125
366 337 0.166667
343 339 0.166667
370 340 0.142857
414 340 0.142857
367 341 0.125
381 341 0.125
407 341 0.125
361 343 0.142857
416 343 0.142857
378 346 0.111111
383 346 0.111111
389 346 0.111111
390 346 0.111111
393 349 0.142857
430 349 0.142857
383 351 0.142857
406 351 0.142857
421 352 0.166667
398 353 0.142857
412 353 0.142857
367 354 0.142857
390 354 0.142857
391 359 0.166667
427 367 0.166667
436 368 0.166667
433 373 0.166667
403 374 0.166667
394 375 0.166667
382 376 0.166667
396 377 0.142857
408 377 0.142857
424 378 0.166667
436 379 0.166667
408 382 0.166667
395 387 0.166667
434 390 0.166667
437 394 0.166667
418 398 0.166667
414 401 0.166667
428 406 0.166667
433 409 0.166667
422 419 0.166667
