0 5 0.018519
0 6 0.013333
0 7 0.029412
0 15 0.0625
0 17 0.066667
0 25 0.027027
0 28 0.066667
0 43 0.055556
0 44 0.071429
0 48 0.05
0 50 0.076923
0 52 0.111111
0 60 0.083333
0 63 0.1
0 67 0.1
0 68 0.166667
0 79 0.071429
0 81 0.066667
0 89 0.071429
0 95 0.125
0 98 0.1
0 120 0.1
0 140 0.166667
0 161 0.083333
0 211 0.166667
0 214 0.166667
0 216 0.166667
0 258 0.142857
0 259 0.142857
0 291 0.2
0 306 0.2
0 329 0.2
0 333 0.2
0 361 0.2
1 5 0.018519
1 6 0.013333
1 8 0.018868
1 9 0.018868
1 16 0.034483
1 18 0.034483
1 19 0.043478
1 22 0.052632
1 24 0.058824
1 27 0.034483
1 41 0.111111
1 47 0.125
1 54 0.071429
1 64 0.125
1 68 0.166667
1 71 0.0625
1 81 0.066667
1 96 0.076923
1 99 0.125
1 101 0.2
1 105 0.0625
1 123 0.111111
1 128 0.083333
1 139 0.142857
1 147 0.090909
1 173 0.166667
1 187 0.166667
1 225 0.166667
1 246 0.2
1 273 0.2
1 285 0.2
1 288 0.2
1 298 0.2
1 325 0.2
2 5 0.018519
2 6 0.013333
2 7 0.029412
2 9 0.018868
2 13 0.035714
2 16 0.034483
2 18 0.034483
2 19 0.043478
2 20 0.04
2 21 0.025
2 22 0.052632
2 24 0.058824
2 28 0.066667
2 36 0.125
2 41 0.111111
2 52 0.111111
2 53 0.0625
2 159 0.125
2 161 0.083333
2 175 0.2
2 178 0.111111
2 183 0.125
2 185 0.125
2 187 0.166667
2 194 0.166667
2 202 0.2
2 209 0.2
2 218 0.142857
2 228 0.2
2 244 0.166667
2 257 0.142857
2 298 0.2
2 302 0.125
2 308 0.2
2 328 0.2
2 335 0.2
3 5 0.018519
3 7 0.029412
3 8 0.018868
3 19 0.043478
3 35 0.076923
3 44 0.071429
3 89 0.071429
3 90 0.066667
3 105 0.0625
3 113 0.083333
3 121 0.166667
3 131 0.076923
3 135 0.111111
3 166 0.1
3 190 0.142857
3 198 0.166667
3 221 0.142857
3 237 0.142857
3 243 0.2
3 284 0.166667
3 316 0.2
3 330 0.2
3 332 0.2
4 5 0.018519
4 6 0.013333
4 10 0.02381
4 11 0.03125
4 12 0.034483
4 13 0.035714
4 14 0.038462
4 19 0.043478
4 20 0.04
4 27 0.034483
4 29 0.055556
4 35 0.076923
4 42 0.047619
4 46 0.111111
4 51 0.02439
4 54 0.071429
4 59 0.076923
4 62 0.071429
4 73 0.090909
4 74 0.111111
4 99 0.125
4 115 0.0625
4 117 0.058824
4 123 0.111111
4 147 0.090909
4 191 0.142857
4 197 0.166667
4 200 0.166667
4 223 0.2
4 256 0.166667
4 266 0.2
4 296 0.166667
4 329 0.2
4 347 0.2
4 348 0.2
4 349 0.2
5 6 0.013333
5 7 0.029412
5 8 0.018868
5 9 0.018868
5 10 0.02381
5 12 0.034483
5 20 0.04
5 25 0.027027
5 26 0.04
5 42 0.047619
5 43 0.055556
5 44 0.071429
5 57 0.071429
5 66 0.125
5 68 0.166667
5 73 0.090909
5 86 0.083333
5 90 0.066667
5 91 0.090909
5 113 0.083333
5 115 0.0625
5 118 0.166667
5 141 0.166667
5 149 0.111111
5 160 0.166667
5 163 0.111111
5 182 0.2
5 198 0.166667
5 205 0.166667
5 215 0.2
5 220 0.166667
5 221 0.142857
5 233 0.111111
5 237 0.142857
5 241 0.2
5 249 0.2
5 266 0.2
5 275 0.142857
5 285 0.2
5 287 0.2
5 288 0.2
5 300 0.2
5 320 0.142857
5 326 0.2
5 337 0.166667
5 339 0.2
5 340 0.2
5 360 0.2
5 366 0.2
6 7 0.029412
6 8 0.018868
6 9 0.018868
6 11 0.03125
6 12 0.034483
6 13 0.035714
6 14 0.038462
6 15 0.0625
6 16 0.034483
6 18 0.034483
6 21 0.025
6 26 0.04
6 27 0.034483
6 28 0.066667
6 32 0.076923
6 33 0.05
6 36 0.125
6 38 0.111111
6 42 0.047619
6 45 0.0625
6 55 0.041667
6 58 0.071429
6 65 0.083333
6 72 0.142857
6 75 0.111111
6 76 0.111111
6 77 0.071429
6 78 0.090909
6 79 0.071429
6 80 0.090909
6 84 0.076923
6 86 0.083333
6 102 0.090909
6 104 0.125
6 107 0.125
6 110 0.1
6 126 0.2
6 139 0.142857
6 151 0.1
6 152 0.111111
6 157 0.166667
6 159 0.125
6 171 0.166667
6 179 0.166667
6 189 0.142857
6 193 0.142857
6 196 0.1
6 197 0.166667
6 199 0.2
6 201 0.2
6 213 0.142857
6 223 0.2
6 227 0.166667
6 228 0.2
6 235 0.166667
6 240 0.2
6 259 0.142857
6 280 0.2
6 284 0.166667
6 290 0.2
6 307 0.166667
6 317 0.166667
6 329 0.2
6 338 0.2
6 350 0.2
6 351 0.2
6 353 0.2
6 360 0.2
6 363 0.2
6 367 0.2
7 8 0.018868
7 10 0.02381
7 11 0.03125
7 22 0.052632
7 24 0.058824
7 25 0.027027
7 30 0.076923
7 31 0.047619
7 34 0.055556
7 39 0.038462
7 45 0.0625
7 49 0.05
7 51 0.02439
7 74 0.111111
7 83 0.1
7 89 0.071429
7 93 0.1
7 111 0.142857
7 181 0.111111
7 195 0.2
7 220 0.166667
7 234 0.142857
7 236 0.125
7 261 0.166667
7 279 0.166667
7 299 0.166667
7 346 0.2
7 365 0.2
7 369 0.2
8 9 0.018868
8 10 0.02381
8 14 0.038462
8 15 0.0625
8 18 0.034483
8 19 0.043478
8 20 0.04
8 26 0.04
8 27 0.034483
8 28 0.066667
8 34 0.055556
8 35 0.076923
8 36 0.125
8 41 0.111111
8 42 0.047619
8 43 0.055556
8 49 0.05
8 56 0.090909
8 82 0.090909
8 87 0.125
8 89 0.071429
8 97 0.111111
8 104 0.125
8 111 0.142857
8 119 0.1
8 125 0.2
8 126 0.2
8 135 0.111111
8 138 0.0625
8 142 0.142857
8 143 0.111111
8 145 0.142857
8 158 0.142857
8 163 0.111111
8 174 0.125
8 198 0.166667
8 204 0.090909
8 205 0.166667
8 225 0.166667
8 229 0.2
8 231 0.166667
8 246 0.2
8 265 0.166667
8 295 0.166667
8 303 0.2
8 309 0.166667
8 316 0.2
8 345 0.166667
9 10 0.02381
9 11 0.03125
9 12 0.034483
9 13 0.035714
9 14 0.038462
9 17 0.066667
9 22 0.052632
9 25 0.027027
9 28 0.066667
9 31 0.047619
9 33 0.05
9 37 0.05
9 38 0.111111
9 40 0.045455
9 44 0.071429
9 45 0.0625
9 46 0.111111
9 49 0.05
9 56 0.090909
9 57 0.071429
9 58 0.071429
9 67 0.1
9 75 0.111111
9 85 0.166667
9 87 0.125
9 96 0.076923
9 99 0.125
9 100 0.071429
9 102 0.090909
9 114 0.083333
9 117 0.058824
9 122 0.111111
9 129 0.166667
9 132 0.083333
9 137 0.142857
9 158 0.142857
9 190 0.142857
9 193 0.142857
9 194 0.166667
9 197 0.166667
9 204 0.090909
9 236 0.125
9 241 0.2
9 250 0.166667
9 287 0.2
9 319 0.166667
9 342 0.2
9 369 0.2
10 11 0.03125
10 12 0.034483
10 17 0.066667
10 21 0.025
10 22 0.052632
10 29 0.055556
10 33 0.05
10 34 0.055556
10 35 0.076923
10 52 0.111111
10 56 0.090909
10 71 0.0625
10 75 0.111111
10 83 0.1
10 90 0.066667
10 117 0.058824
10 122 0.111111
10 125 0.2
10 132 0.083333
10 144 0.076923
10 146 0.142857
10 150 0.125
10 169 0.142857
10 171 0.166667
10 177 0.166667
10 178 0.111111
10 188 0.125
10 190 0.142857
10 212 0.166667
10 217 0.2
10 234 0.142857
10 246 0.2
10 249 0.2
10 280 0.2
10 287 0.2
10 325 0.2
10 330 0.2
11 13 0.035714
11 14 0.038462
11 15 0.0625
11 16 0.034483
11 20 0.04
11 29 0.055556
11 31 0.047619
11 57 0.071429
11 58 0.071429
11 72 0.142857
11 83 0.1
11 85 0.166667
11 92 0.076923
11 100 0.071429
11 106 0.111111
11 107 0.125
11 177 0.166667
11 190 0.142857
11 242 0.166667
11 248 0.125
11 261 0.166667
11 272 0.2
11 283 0.166667
11 293 0.2
11 310 0.2
11 312 0.2
11 313 0.2
12 18 0.034483
12 21 0.025
12 30 0.076923
12 37 0.05
12 38 0.111111
12 45 0.0625
12 57 0.071429
12 60 0.083333
12 66 0.125
12 77 0.071429
12 79 0.071429
12 92 0.076923
12 114 0.083333
12 137 0.142857
12 141 0.166667
12 145 0.142857
12 162 0.125
12 202 0.2
12 277 0.166667
12 295 0.166667
12 301 0.2
12 305 0.166667
12 311 0.142857
12 357 0.2
13 15 0.0625
13 23 0.076923
13 29 0.055556
13 32 0.076923
13 48 0.05
13 59 0.076923
13 61 0.090909
13 78 0.090909
13 91 0.090909
13 93 0.1
13 95 0.125
13 96 0.076923
13 118 0.166667
13 125 0.2
13 148 0.1
13 164 0.111111
13 166 0.1
13 168 0.125
13 191 0.142857
13 192 0.2
13 245 0.125
13 261 0.166667
13 336 0.2
14 16 0.034483
14 17 0.066667
14 59 0.076923
14 97 0.111111
14 100 0.071429
14 123 0.111111
14 128 0.083333
14 130 0.111111
14 132 0.083333
14 134 0.125
14 138 0.0625
14 144 0.076923
14 175 0.2
14 187 0.166667
14 195 0.2
14 231 0.166667
14 278 0.2
14 332 0.2
14 343 0.2
14 346 0.2
14 350 0.2
15 23 0.076923
15 43 0.055556
15 55 0.041667
15 65 0.083333
15 107 0.125
15 152 0.111111
15 166 0.1
15 200 0.166667
15 214 0.166667
15 261 0.166667
15 306 0.2
16 17 0.066667
16 23 0.076923
16 31 0.047619
16 36 0.125
16 37 0.05
16 43 0.055556
16 49 0.05
16 61 0.090909
16 63 0.1
16 65 0.083333
16 68 0.166667
16 85 0.166667
16 97 0.111111
16 159 0.125
16 181 0.111111
16 183 0.125
16 199 0.2
16 264 0.2
16 270 0.2
16 276 0.2
16 279 0.166667
16 282 0.166667
16 312 0.2
16 362 0.2
17 24 0.058824
17 32 0.076923
17 40 0.045455
17 73 0.090909
17 121 0.166667
17 145 0.142857
17 155 0.142857
17 184 0.2
17 188 0.125
17 235 0.166667
18 21 0.025
18 24 0.058824
18 26 0.04
18 30 0.076923
18 41 0.111111
18 52 0.111111
18 77 0.071429
18 79 0.071429
18 110 0.1
18 140 0.166667
18 143 0.111111
18 150 0.125
18 169 0.142857
18 182 0.2
18 214 0.166667
18 224 0.111111
18 232 0.166667
18 239 0.2
18 246 0.2
18 260 0.125
18 269 0.166667
18 281 0.2
18 340 0.2
18 341 0.2
19 35 0.076923
19 39 0.038462
19 48 0.05
19 63 0.1
19 81 0.066667
19 82 0.090909
19 101 0.2
19 104 0.125
19 120 0.1
19 127 0.125
19 131 0.076923
19 158 0.142857
19 172 0.125
19 197 0.166667
19 274 0.2
19 295 0.166667
19 316 0.2
19 322 0.166667
20 33 0.05
20 38 0.111111
20 39 0.038462
20 42 0.047619
20 46 0.111111
20 47 0.125
20 97 0.111111
20 103 0.125
20 107 0.125
20 110 0.1
20 174 0.125
20 181 0.111111
20 183 0.125
20 217 0.2
20 219 0.166667
20 274 0.2
20 306 0.2
20 318 0.142857
20 338 0.2
20 352 0.2
21 23 0.076923
21 25 0.027027
21 26 0.04
21 32 0.076923
21 34 0.055556
21 50 0.076923
21 52 0.111111
21 61 0.090909
21 62 0.071429
21 64 0.125
21 70 0.125
21 71 0.0625
21 74 0.111111
21 84 0.076923
21 86 0.083333
21 98 0.1
21 103 0.125
21 104 0.125
21 113 0.083333
21 154 0.2
21 186 0.166667
21 188 0.125
21 195 0.2
21 205 0.166667
21 215 0.2
21 234 0.142857
21 252 0.2
21 253 0.2
21 259 0.142857
21 269 0.166667
21 280 0.2
21 290 0.2
21 302 0.125
21 305 0.166667
21 367 0.2
22 23 0.076923
22 40 0.045455
22 51 0.02439
22 57 0.071429
22 69 0.2
22 93 0.1
22 118 0.166667
22 122 0.111111
22 134 0.125
22 168 0.125
22 188 0.125
22 189 0.142857
22 226 0.2
22 364 0.2
23 31 0.047619
23 34 0.055556
23 37 0.05
23 62 0.071429
23 91 0.090909
23 118 0.166667
23 139 0.142857
23 182 0.2
24 30 0.076923
24 39 0.038462
24 50 0.076923
24 53 0.0625
24 69 0.2
24 70 0.125
24 88 0.090909
24 94 0.066667
24 103 0.125
24 110 0.1
24 195 0.2
24 307 0.166667
25 27 0.034483
25 36 0.125
25 41 0.111111
25 47 0.125
25 50 0.076923
25 54 0.071429
25 56 0.090909
25 70 0.125
25 76 0.111111
25 82 0.090909
25 92 0.076923
25 107 0.125
25 122 0.111111
25 124 0.1
25 143 0.111111
25 152 0.111111
25 155 0.142857
25 176 0.125
25 182 0.2
25 203 0.2
25 205 0.166667
25 208 0.166667
25 221 0.142857
25 231 0.166667
25 251 0.142857
25 291 0.2
25 300 0.2
25 301 0.2
25 302 0.125
25 305 0.166667
25 354 0.2
25 360 0.2
26 37 0.05
26 53 0.0625
26 54 0.071429
26 61 0.090909
26 78 0.090909
26 83 0.1
26 158 0.142857
26 161 0.083333
26 192 0.2
26 211 0.166667
26 212 0.166667
26 219 0.166667
26 249 0.2
26 255 0.166667
26 256 0.166667
26 262 0.142857
26 284 0.166667
26 294 0.142857
26 344 0.2
26 368 0.2
27 29 0.055556
27 39 0.038462
27 49 0.05
27 50 0.076923
27 60 0.083333
27 62 0.071429
27 83 0.1
27 102 0.090909
27 109 0.142857
27 137 0.142857
27 141 0.166667
27 157 0.166667
27 176 0.125
27 186 0.166667
27 196 0.1
27 201 0.2
27 212 0.166667
27 244 0.166667
27 247 0.142857
27 286 0.142857
27 313 0.2
27 326 0.2
27 346 0.2
27 359 0.2
28 40 0.045455
28 86 0.083333
28 124 0.1
28 146 0.142857
28 186 0.166667
28 210 0.125
28 222 0.1
28 254 0.111111
28 269 0.166667
28 334 0.2
29 30 0.076923
29 32 0.076923
29 47 0.125
29 63 0.1
29 80 0.090909
29 125 0.2
29 200 0.166667
29 220 0.166667
29 243 0.2
29 281 0.2
29 292 0.142857
29 293 0.2
29 359 0.2
30 45 0.0625
30 46 0.111111
30 59 0.076923
30 88 0.090909
30 120 0.1
30 179 0.166667
30 263 0.2
30 276 0.2
31 59 0.076923
31 73 0.090909
31 90 0.066667
31 95 0.125
31 109 0.142857
31 115 0.0625
31 117 0.058824
31 119 0.1
31 124 0.1
31 147 0.090909
31 165 0.142857
31 194 0.166667
31 213 0.142857
31 282 0.166667
31 352 0.2
31 367 0.2
32 33 0.05
32 76 0.111111
32 77 0.071429
32 85 0.166667
32 170 0.2
32 304 0.2
32 325 0.2
32 341 0.2
33 51 0.02439
33 63 0.1
33 65 0.083333
33 66 0.125
33 69 0.2
33 88 0.090909
33 106 0.111111
33 133 0.083333
33 137 0.142857
33 168 0.125
33 224 0.111111
33 242 0.166667
33 244 0.166667
33 276 0.2
33 286 0.142857
34 109 0.142857
34 129 0.166667
34 130 0.111111
34 185 0.125
34 192 0.2
34 207 0.2
34 212 0.166667
34 215 0.2
34 239 0.2
34 280 0.2
34 323 0.2
34 326 0.2
34 327 0.2
35 76 0.111111
35 90 0.066667
35 100 0.071429
35 149 0.111111
35 167 0.083333
35 210 0.125
35 233 0.111111
35 342 0.2
36 80 0.090909
36 97 0.111111
36 249 0.2
37 38 0.111111
37 53 0.0625
37 55 0.041667
37 67 0.1
37 87 0.125
37 105 0.0625
37 106 0.111111
37 117 0.058824
37 213 0.142857
37 238 0.2
37 267 0.166667
37 304 0.2
37 318 0.142857
37 351 0.2
37 354 0.2
38 71 0.0625
38 165 0.142857
38 166 0.1
38 318 0.142857
39 40 0.045455
39 48 0.05
39 51 0.02439
39 85 0.166667
39 93 0.1
39 111 0.142857
39 121 0.166667
39 133 0.083333
39 134 0.125
39 141 0.166667
39 154 0.2
39 160 0.166667
39 171 0.166667
39 176 0.125
39 183 0.125
39 209 0.2
39 257 0.142857
39 267 0.166667
39 287 0.2
39 303 0.2
39 323 0.2
40 46 0.111111
40 54 0.071429
40 55 0.041667
40 72 0.142857
40 78 0.090909
40 94 0.066667
40 163 0.111111
40 167 0.083333
40 203 0.2
40 236 0.125
40 252 0.2
40 259 0.142857
40 262 0.142857
40 296 0.166667
40 337 0.166667
40 339 0.2
40 340 0.2
41 204 0.090909
41 224 0.111111
41 301 0.2
41 319 0.166667
42 44 0.071429
42 47 0.125
42 48 0.05
42 56 0.090909
42 66 0.125
42 92 0.076923
42 96 0.076923
42 123 0.111111
42 162 0.125
42 181 0.111111
42 204 0.090909
42 209 0.2
42 240 0.2
42 271 0.2
42 292 0.142857
42 330 0.2
43 58 0.071429
43 60 0.083333
43 68 0.166667
43 88 0.090909
43 99 0.125
43 116 0.2
43 127 0.125
43 148 0.1
43 215 0.2
43 216 0.166667
43 273 0.2
43 284 0.166667
43 310 0.2
44 58 0.071429
44 101 0.2
44 169 0.142857
44 224 0.111111
44 255 0.166667
44 267 0.166667
44 300 0.2
44 310 0.2
44 311 0.142857
45 80 0.090909
45 112 0.066667
45 113 0.083333
45 116 0.2
45 126 0.2
45 165 0.142857
45 199 0.2
45 203 0.2
45 223 0.2
45 294 0.142857
45 327 0.2
46 94 0.066667
46 122 0.111111
46 327 0.2
46 348 0.2
47 64 0.125
47 177 0.166667
47 291 0.2
48 60 0.083333
48 61 0.090909
48 64 0.125
48 80 0.090909
48 91 0.090909
48 108 0.125
48 121 0.166667
48 142 0.142857
48 145 0.142857
48 162 0.125
48 233 0.111111
48 248 0.125
48 305 0.166667
48 339 0.2
48 371 0.2
49 67 0.1
49 75 0.111111
49 81 0.066667
49 82 0.090909
49 86 0.083333
49 109 0.142857
49 112 0.066667
49 152 0.111111
49 196 0.1
49 201 0.2
49 242 0.166667
49 262 0.142857
49 281 0.2
49 337 0.166667
49 343 0.2
50 67 0.1
50 70 0.125
50 106 0.111111
50 108 0.125
50 169 0.142857
50 173 0.166667
50 311 0.142857
50 359 0.2
51 53 0.0625
51 55 0.041667
51 69 0.2
51 74 0.111111
51 92 0.076923
51 115 0.0625
51 128 0.083333
51 136 0.125
51 138 0.0625
51 147 0.090909
51 149 0.111111
51 153 0.125
51 154 0.2
51 168 0.125
51 177 0.166667
51 179 0.166667
51 184 0.2
51 185 0.125
51 197 0.166667
51 198 0.166667
51 202 0.2
51 206 0.111111
51 226 0.2
51 240 0.2
51 247 0.142857
51 250 0.166667
51 254 0.111111
51 257 0.142857
51 263 0.2
51 281 0.2
51 294 0.142857
51 297 0.142857
51 312 0.2
51 314 0.2
51 353 0.2
51 356 0.166667
52 112 0.066667
52 162 0.125
52 286 0.142857
52 302 0.125
53 151 0.1
53 170 0.2
53 172 0.125
53 178 0.111111
53 213 0.142857
53 223 0.2
53 235 0.166667
53 254 0.111111
53 289 0.2
53 325 0.2
53 339 0.2
54 64 0.125
54 71 0.0625
54 129 0.166667
54 130 0.111111
54 156 0.142857
54 217 0.2
54 224 0.111111
54 254 0.111111
54 256 0.166667
55 66 0.125
55 73 0.090909
55 76 0.111111
55 91 0.090909
55 105 0.0625
55 109 0.142857
55 111 0.142857
55 115 0.0625
55 127 0.125
55 137 0.142857
55 141 0.166667
55 168 0.125
55 182 0.2
55 199 0.2
55 207 0.2
55 273 0.2
55 330 0.2
55 331 0.2
55 336 0.2
56 69 0.2
56 72 0.142857
56 101 0.2
56 175 0.2
56 275 0.142857
56 313 0.2
57 105 0.0625
57 120 0.1
57 167 0.083333
57 193 0.142857
57 250 0.166667
57 265 0.166667
57 276 0.2
57 287 0.2
57 356 0.166667
58 62 0.071429
58 110 0.1
58 124 0.1
58 159 0.125
58 195 0.2
58 218 0.142857
58 276 0.2
58 309 0.166667
58 313 0.2
59 74 0.111111
59 94 0.066667
59 129 0.166667
59 136 0.125
59 150 0.125
59 211 0.166667
59 237 0.142857
59 265 0.166667
60 94 0.066667
60 139 0.142857
60 142 0.142857
60 180 0.166667
60 218 0.142857
60 248 0.125
60 314 0.2
61 102 0.090909
61 136 0.125
61 167 0.083333
61 307 0.166667
61 331 0.2
61 368 0.2
62 65 0.083333
62 84 0.076923
62 173 0.166667
62 185 0.125
62 194 0.166667
62 252 0.2
62 278 0.2
62 282 0.166667
62 300 0.2
63 88 0.090909
63 127 0.125
63 203 0.2
63 220 0.166667
63 274 0.2
64 93 0.1
64 264 0.2
64 322 0.166667
65 84 0.076923
65 119 0.1
65 174 0.125
65 181 0.111111
65 231 0.166667
65 288 0.2
65 369 0.2
66 78 0.090909
66 81 0.066667
66 216 0.166667
67 70 0.125
67 87 0.125
67 135 0.111111
67 144 0.076923
67 192 0.2
68 72 0.142857
70 322 0.166667
70 354 0.2
70 365 0.2
71 75 0.111111
71 77 0.071429
71 135 0.111111
71 139 0.142857
71 156 0.142857
71 164 0.111111
71 179 0.166667
71 240 0.2
71 275 0.142857
71 337 0.166667
71 359 0.2
72 89 0.071429
72 231 0.166667
73 100 0.071429
73 108 0.125
73 206 0.111111
73 222 0.1
73 317 0.166667
73 364 0.2
74 161 0.083333
74 206 0.111111
74 232 0.166667
74 355 0.2
75 128 0.083333
75 253 0.2
75 266 0.2
75 277 0.166667
76 98 0.1
76 114 0.083333
76 161 0.083333
76 349 0.2
77 79 0.071429
77 82 0.090909
77 87 0.125
77 140 0.166667
77 151 0.1
77 222 0.1
77 274 0.2
77 277 0.166667
77 306 0.2
78 108 0.125
78 138 0.0625
78 200 0.166667
78 263 0.2
78 294 0.142857
78 308 0.2
79 120 0.1
79 131 0.076923
79 190 0.142857
79 193 0.142857
79 240 0.2
79 264 0.2
79 299 0.166667
79 364 0.2
79 369 0.2
80 95 0.125
80 103 0.125
80 119 0.1
80 143 0.111111
80 203 0.2
80 361 0.2
81 84 0.076923
81 95 0.125
81 125 0.2
81 158 0.142857
81 175 0.2
81 201 0.2
81 235 0.166667
81 236 0.125
81 331 0.2
81 341 0.2
82 151 0.1
82 155 0.142857
82 172 0.125
82 251 0.142857
82 277 0.166667
82 289 0.2
83 126 0.2
83 183 0.125
83 229 0.2
83 264 0.2
83 275 0.142857
84 101 0.2
84 160 0.166667
84 237 0.142857
84 239 0.2
84 241 0.2
84 283 0.166667
84 291 0.2
84 292 0.142857
85 194 0.166667
86 108 0.125
86 118 0.166667
86 144 0.076923
86 225 0.166667
86 232 0.166667
86 261 0.166667
86 331 0.2
87 104 0.125
87 146 0.142857
87 304 0.2
88 116 0.2
88 129 0.166667
88 153 0.125
88 180 0.166667
88 283 0.166667
88 328 0.2
89 103 0.125
89 165 0.142857
89 213 0.142857
89 254 0.111111
89 275 0.142857
89 295 0.166667
89 309 0.166667
89 322 0.166667
89 333 0.2
90 102 0.090909
90 135 0.111111
90 148 0.1
90 180 0.166667
90 187 0.166667
90 216 0.166667
90 222 0.1
90 268 0.166667
90 290 0.2
90 337 0.166667
91 96 0.076923
91 112 0.066667
91 114 0.083333
91 127 0.125
91 163 0.111111
91 271 0.2
92 99 0.125
92 111 0.142857
92 148 0.1
92 157 0.166667
92 171 0.166667
92 174 0.125
92 215 0.2
92 251 0.142857
93 142 0.142857
93 176 0.125
93 270 0.2
93 303 0.2
93 307 0.166667
94 98 0.1
94 128 0.083333
94 146 0.142857
94 153 0.125
94 157 0.166667
94 226 0.2
94 238 0.2
94 258 0.142857
94 323 0.2
94 324 0.2
95 237 0.142857
95 253 0.2
95 272 0.2
96 98 0.1
96 123 0.111111
96 132 0.083333
96 192 0.2
96 238 0.2
96 245 0.125
96 264 0.2
96 357 0.2
97 119 0.1
97 164 0.111111
97 225 0.166667
97 335 0.2
98 156 0.142857
98 170 0.2
98 178 0.111111
98 219 0.166667
98 322 0.166667
99 210 0.125
99 214 0.166667
99 317 0.166667
100 131 0.076923
100 149 0.111111
100 156 0.142857
100 175 0.2
100 185 0.125
100 232 0.166667
100 241 0.2
100 297 0.142857
100 303 0.2
102 126 0.2
102 133 0.083333
102 155 0.142857
102 164 0.111111
102 196 0.1
102 260 0.125
103 121 0.166667
103 145 0.142857
103 311 0.142857
104 106 0.111111
104 228 0.2
104 269 0.166667
105 112 0.066667
105 113 0.083333
105 133 0.083333
105 199 0.2
105 236 0.125
105 245 0.125
105 247 0.142857
105 279 0.166667
105 330 0.2
105 346 0.2
105 368 0.2
106 131 0.076923
106 144 0.076923
106 191 0.142857
106 320 0.142857
107 132 0.083333
107 226 0.2
107 358 0.2
108 114 0.083333
108 130 0.111111
108 179 0.166667
109 162 0.125
109 352 0.2
110 116 0.2
110 189 0.142857
110 297 0.142857
110 315 0.2
110 367 0.2
111 159 0.125
111 209 0.2
112 138 0.0625
112 163 0.111111
112 219 0.166667
112 304 0.2
112 314 0.2
112 327 0.2
112 344 0.2
112 357 0.2
112 358 0.2
112 370 0.2
113 130 0.111111
113 201 0.2
113 280 0.2
113 292 0.142857
113 336 0.2
113 352 0.2
113 355 0.2
114 134 0.125
114 147 0.090909
114 160 0.166667
114 172 0.125
114 177 0.166667
114 294 0.142857
114 299 0.166667
115 116 0.2
115 142 0.142857
115 154 0.2
115 157 0.166667
115 172 0.125
115 191 0.142857
115 214 0.166667
115 219 0.166667
115 335 0.2
115 349 0.2
115 360 0.2
117 124 0.1
117 166 0.1
117 170 0.2
117 187 0.166667
117 189 0.142857
117 202 0.2
117 218 0.142857
117 229 0.2
117 283 0.166667
117 293 0.2
117 307 0.166667
117 344 0.2
118 369 0.2
119 134 0.125
119 207 0.2
119 247 0.142857
119 290 0.2
119 363 0.2
120 150 0.125
120 167 0.083333
120 234 0.142857
120 271 0.2
120 316 0.2
121 226 0.2
122 170 0.2
122 191 0.142857
122 230 0.166667
122 271 0.2
123 206 0.111111
123 246 0.2
123 260 0.125
123 312 0.2
124 184 0.2
124 189 0.142857
124 200 0.166667
124 273 0.2
124 318 0.142857
127 136 0.125
127 146 0.142857
127 300 0.2
128 140 0.166667
128 180 0.166667
128 208 0.166667
128 229 0.2
128 252 0.2
128 297 0.142857
128 315 0.2
129 321 0.2
130 255 0.166667
130 256 0.166667
130 319 0.166667
130 327 0.2
131 133 0.083333
131 151 0.1
131 218 0.142857
131 256 0.166667
131 321 0.2
131 324 0.2
131 349 0.2
131 365 0.2
132 136 0.125
132 152 0.111111
132 154 0.2
132 245 0.125
132 266 0.2
132 271 0.2
132 371 0.2
133 155 0.142857
133 230 0.166667
133 232 0.166667
133 233 0.111111
133 242 0.166667
133 328 0.2
133 340 0.2
134 153 0.125
134 267 0.166667
134 361 0.2
135 140 0.166667
135 164 0.111111
135 295 0.166667
135 351 0.2
136 149 0.111111
136 268 0.166667
136 321 0.2
137 227 0.166667
137 298 0.2
138 143 0.111111
138 150 0.125
138 156 0.142857
138 210 0.125
138 217 0.2
138 239 0.2
138 245 0.125
138 320 0.142857
138 352 0.2
138 358 0.2
138 366 0.2
139 255 0.166667
139 308 0.2
140 221 0.142857
141 262 0.142857
142 244 0.166667
142 253 0.2
143 148 0.1
143 257 0.142857
143 273 0.2
143 274 0.2
144 204 0.090909
144 217 0.2
144 235 0.166667
144 241 0.2
144 243 0.2
144 249 0.2
144 250 0.166667
144 285 0.2
145 270 0.2
145 342 0.2
146 160 0.166667
146 309 0.166667
147 153 0.125
147 227 0.166667
147 272 0.2
147 286 0.142857
147 299 0.166667
147 361 0.2
148 174 0.125
148 230 0.166667
148 285 0.2
148 363 0.2
148 371 0.2
149 173 0.166667
149 306 0.2
149 319 0.166667
149 320 0.142857
150 227 0.166667
150 252 0.2
150 288 0.2
151 216 0.166667
151 270 0.2
151 297 0.142857
151 333 0.2
151 345 0.166667
152 165 0.142857
152 178 0.111111
152 270 0.2
152 371 0.2
153 230 0.166667
153 286 0.142857
153 356 0.166667
155 196 0.1
155 208 0.166667
156 282 0.166667
156 347 0.2
157 173 0.166667
158 356 0.166667
158 363 0.2
159 184 0.2
159 212 0.166667
159 234 0.142857
160 283 0.166667
161 180 0.166667
161 208 0.166667
161 211 0.166667
161 250 0.166667
161 279 0.166667
161 359 0.2
161 370 0.2
162 228 0.2
162 323 0.2
162 341 0.2
163 184 0.2
163 262 0.142857
163 285 0.2
163 361 0.2
164 222 0.1
164 317 0.166667
164 351 0.2
164 357 0.2
165 171 0.166667
165 289 0.2
166 230 0.166667
166 248 0.125
166 269 0.166667
166 277 0.166667
166 284 0.166667
167 186 0.166667
167 265 0.166667
167 296 0.166667
167 331 0.2
167 342 0.2
167 347 0.2
167 353 0.2
168 169 0.142857
168 263 0.2
168 363 0.2
169 209 0.2
169 332 0.2
171 334 0.2
172 176 0.125
172 335 0.2
172 353 0.2
173 206 0.111111
174 198 0.166667
174 207 0.2
174 244 0.166667
176 186 0.166667
176 207 0.2
176 259 0.142857
177 220 0.166667
178 188 0.125
178 193 0.142857
178 257 0.142857
178 313 0.2
179 362 0.2
180 338 0.2
181 239 0.2
181 312 0.2
181 326 0.2
181 340 0.2
183 211 0.166667
183 290 0.2
183 293 0.2
185 225 0.166667
185 238 0.2
185 258 0.142857
186 281 0.2
187 202 0.2
188 233 0.111111
188 258 0.142857
188 260 0.125
189 208 0.166667
189 328 0.2
190 227 0.166667
190 335 0.2
191 210 0.125
191 356 0.166667
193 268 0.166667
193 299 0.166667
194 205 0.166667
196 221 0.142857
196 278 0.2
196 279 0.166667
196 288 0.2
196 298 0.2
197 360 0.2
198 334 0.2
200 314 0.2
204 228 0.2
204 260 0.125
204 345 0.166667
204 348 0.2
204 354 0.2
204 366 0.2
205 311 0.142857
206 247 0.142857
206 267 0.166667
206 268 0.166667
206 310 0.2
208 301 0.2
210 303 0.2
210 345 0.166667
210 355 0.2
211 223 0.2
212 314 0.2
213 238 0.2
213 243 0.2
214 317 0.166667
216 336 0.2
218 321 0.2
218 325 0.2
219 333 0.2
220 365 0.2
221 255 0.166667
221 332 0.2
222 229 0.2
222 258 0.142857
222 278 0.2
222 332 0.2
222 358 0.2
224 315 0.2
224 319 0.166667
224 349 0.2
224 364 0.2
225 326 0.2
227 289 0.2
230 242 0.166667
231 302 0.125
232 370 0.2
233 265 0.166667
233 296 0.166667
233 347 0.2
233 350 0.2
234 268 0.166667
234 348 0.2
235 278 0.2
236 243 0.2
236 248 0.125
236 253 0.2
237 298 0.2
237 336 0.2
242 266 0.2
244 338 0.2
245 251 0.142857
245 344 0.2
245 367 0.2
247 251 0.142857
247 334 0.2
248 304 0.2
248 308 0.2
248 329 0.2
250 353 0.2
251 272 0.2
251 371 0.2
254 292 0.142857
254 301 0.2
254 318 0.142857
254 368 0.2
255 263 0.2
256 272 0.2
257 333 0.2
257 341 0.2
258 293 0.2
258 323 0.2
259 329 0.2
259 355 0.2
260 343 0.2
260 346 0.2
260 364 0.2
261 320 0.142857
262 296 0.166667
262 342 0.2
265 324 0.2
267 289 0.2
268 310 0.2
269 343 0.2
275 328 0.2
275 339 0.2
277 282 0.166667
279 315 0.2
282 305 0.166667
283 370 0.2
284 308 0.2
286 291 0.2
286 309 0.166667
292 357 0.2
292 366 0.2
294 338 0.2
294 362 0.2
295 365 0.2
296 321 0.2
297 315 0.2
297 345 0.166667
299 324 0.2
302 334 0.2
302 355 0.2
302 362 0.2
305 350 0.2
307 350 0.2
309 362 0.2
311 316 0.2
311 354 0.2
317 343 0.2
318 344 0.2
318 351 0.2
319 358 0.2
320 324 0.2
320 366 0.2
322 368 0.2
337 347 0.2
345 348 0.2
356 370 0.2
5 0 0.029412
6 0 0.029412
7 0 0.029412
15 0 0.029412
17 0 0.029412
25 0 0.029412
28 0 0.029412
43 0 0.029412
44 0 0.029412
48 0 0.029412
50 0 0.029412
52 0 0.029412
60 0 0.029412
63 0 0.029412
67 0 0.029412
68 0 0.029412
79 0 0.029412
81 0 0.029412
89 0 0.029412
95 0 0.029412
98 0 0.029412
120 0 0.029412
140 0 0.029412
161 0 0.029412
211 0 0.029412
214 0 0.029412
216 0 0.029412
258 0 0.029412
259 0 0.029412
291 0 0.029412
306 0 0.029412
329 0 0.029412
333 0 0.029412
361 0 0.029412
5 1 0.029412
6 1 0.029412
8 1 0.029412
9 1 0.029412
16 1 0.029412
18 1 0.029412
19 1 0.029412
22 1 0.029412
24 1 0.029412
27 1 0.029412
41 1 0.029412
47 1 0.029412
54 1 0.029412
64 1 0.029412
68 1 0.029412
71 1 0.029412
81 1 0.029412
96 1 0.029412
99 1 0.029412
101 1 0.029412
105 1 0.029412
123 1 0.029412
128 1 0.029412
139 1 0.029412
147 1 0.029412
173 1 0.029412
187 1 0.029412
225 1 0.029412
246 1 0.029412
273 1 0.029412
285 1 0.029412
288 1 0.029412
298 1 0.029412
325 1 0.029412
5 2 0.027778
6 2 0.027778
7 2 0.027778
9 2 0.027778
13 2 0.027778
16 2 0.027778
18 2 0.027778
19 2 0.027778
20 2 0.027778
21 2 0.027778
22 2 0.027778
24 2 0.027778
28 2 0.027778
36 2 0.027778
41 2 0.027778
52 2 0.027778
53 2 0.027778
159 2 0.027778
161 2 0.027778
175 2 0.027778
178 2 0.027778
183 2 0.027778
185 2 0.027778
187 2 0.027778
194 2 0.027778
202 2 0.027778
209 2 0.027778
218 2 0.027778
228 2 0.027778
244 2 0.027778
257 2 0.027778
298 2 0.027778
302 2 0.027778
308 2 0.027778
328 2 0.027778
335 2 0.027778
5 3 0.043478
7 3 0.043478
8 3 0.043478
19 3 0.043478
35 3 0.043478
44 3 0.043478
89 3 0.043478
90 3 0.043478
105 3 0.043478
113 3 0.043478
121 3 0.043478
131 3 0.043478
135 3 0.043478
166 3 0.043478
190 3 0.043478
198 3 0.043478
221 3 0.043478
237 3 0.043478
243 3 0.043478
284 3 0.043478
316 3 0.043478
330 3 0.043478
332 3 0.043478
5 4 0.027778
6 4 0.027778
10 4 0.027778
11 4 0.027778
12 4 0.027778
13 4 0.027778
14 4 0.027778
19 4 0.027778
20 4 0.027778
27 4 0.027778
29 4 0.027778
35 4 0.027778
42 4 0.027778
46 4 0.027778
51 4 0.027778
54 4 0.027778
59 4 0.027778
62 4 0.027778
73 4 0.027778
74 4 0.027778
99 4 0.027778
115 4 0.027778
117 4 0.027778
123 4 0.027778
147 4 0.027778
191 4 0.027778
197 4 0.027778
200 4 0.027778
223 4 0.027778
256 4 0.027778
266 4 0.027778
296 4 0.027778
329 4 0.027778
347 4 0.027778
348 4 0.027778
349 4 0.027778
6 5 0.018519
7 5 0.018519
8 5 0.018519
9 5 0.018519
10 5 0.018519
12 5 0.018519
20 5 0.018519
25 5 0.018519
26 5 0.018519
42 5 0.018519
43 5 0.018519
44 5 0.018519
57 5 0.018519
66 5 0.018519
68 5 0.018519
73 5 0.018519
86 5 0.018519
90 5 0.018519
91 5 0.018519
113 5 0.018519
115 5 0.018519
118 5 0.018519
141 5 0.018519
149 5 0.018519
160 5 0.018519
163 5 0.018519
182 5 0.018519
198 5 0.018519
205 5 0.018519
215 5 0.018519
220 5 0.018519
221 5 0.018519
233 5 0.018519
237 5 0.018519
241 5 0.018519
249 5 0.018519
266 5 0.018519
275 5 0.018519
285 5 0.018519
287 5 0.018519
288 5 0.018519
300 5 0.018519
320 5 0.018519
326 5 0.018519
337 5 0.018519
339 5 0.018519
340 5 0.018519
360 5 0.018519
366 5 0.018519
7 6 0.013333
8 6 0.013333
9 6 0.013333
11 6 0.013333
12 6 0.013333
13 6 0.013333
14 6 0.013333
15 6 0.013333
16 6 0.013333
18 6 0.013333
21 6 0.013333
26 6 0.013333
27 6 0.013333
28 6 0.013333
32 6 0.013333
33 6 0.013333
36 6 0.013333
38 6 0.013333
42 6 0.013333
45 6 0.013333
55 6 0.013333
58 6 0.013333
65 6 0.013333
72 6 0.013333
75 6 0.013333
76 6 0.013333
77 6 0.013333
78 6 0.013333
79 6 0.013333
80 6 0.013333
84 6 0.013333
86 6 0.013333
102 6 0.013333
104 6 0.013333
107 6 0.013333
110 6 0.013333
126 6 0.013333
139 6 0.013333
151 6 0.013333
152 6 0.013333
157 6 0.013333
159 6 0.013333
171 6 0.013333
179 6 0.013333
189 6 0.013333
193 6 0.013333
196 6 0.013333
197 6 0.013333
199 6 0.013333
201 6 0.013333
213 6 0.013333
223 6 0.013333
227 6 0.013333
228 6 0.013333
235 6 0.013333
240 6 0.013333
259 6 0.013333
280 6 0.013333
284 6 0.013333
290 6 0.013333
307 6 0.013333
317 6 0.013333
329 6 0.013333
338 6 0.013333
350 6 0.013333
351 6 0.013333
353 6 0.013333
360 6 0.013333
363 6 0.013333
367 6 0.013333
8 7 0.029412
10 7 0.029412
11 7 0.029412
22 7 0.029412
24 7 0.029412
25 7 0.029412
30 7 0.029412
31 7 0.029412
34 7 0.029412
39 7 0.029412
45 7 0.029412
49 7 0.029412
51 7 0.029412
74 7 0.029412
83 7 0.029412
89 7 0.029412
93 7 0.029412
111 7 0.029412
181 7 0.029412
195 7 0.029412
220 7 0.029412
234 7 0.029412
236 7 0.029412
261 7 0.029412
279 7 0.029412
299 7 0.029412
346 7 0.029412
365 7 0.029412
369 7 0.029412
9 8 0.018868
10 8 0.018868
14 8 0.018868
15 8 0.018868
18 8 0.018868
19 8 0.018868
20 8 0.018868
26 8 0.018868
27 8 0.018868
28 8 0.018868
34 8 0.018868
35 8 0.018868
36 8 0.018868
41 8 0.018868
42 8 0.018868
43 8 0.018868
49 8 0.018868
56 8 0.018868
82 8 0.018868
87 8 0.018868
89 8 0.018868
97 8 0.018868
104 8 0.018868
111 8 0.018868
119 8 0.018868
125 8 0.018868
126 8 0.018868
135 8 0.018868
138 8 0.018868
142 8 0.018868
143 8 0.018868
145 8 0.018868
158 8 0.018868
163 8 0.018868
174 8 0.018868
198 8 0.018868
204 8 0.018868
205 8 0.018868
225 8 0.018868
229 8 0.018868
231 8 0.018868
246 8 0.018868
265 8 0.018868
295 8 0.018868
303 8 0.018868
309 8 0.018868
316 8 0.018868
345 8 0.018868
10 9 0.018868
11 9 0.018868
12 9 0.018868
13 9 0.018868
14 9 0.018868
17 9 0.018868
22 9 0.018868
25 9 0.018868
28 9 0.018868
31 9 0.018868
33 9 0.018868
37 9 0.018868
38 9 0.018868
40 9 0.018868
44 9 0.018868
45 9 0.018868
46 9 0.018868
49 9 0.018868
56 9 0.018868
57 9 0.018868
58 9 0.018868
67 9 0.018868
75 9 0.018868
85 9 0.018868
87 9 0.018868
96 9 0.018868
99 9 0.018868
100 9 0.018868
102 9 0.018868
114 9 0.018868
117 9 0.018868
122 9 0.018868
129 9 0.018868
132 9 0.018868
137 9 0.018868
158 9 0.018868
190 9 0.018868
193 9 0.018868
194 9 0.018868
197 9 0.018868
204 9 0.018868
236 9 0.018868
241 9 0.018868
250 9 0.018868
287 9 0.018868
319 9 0.018868
342 9 0.018868
369 9 0.018868
11 10 0.02381
12 10 0.02381
17 10 0.02381
21 10 0.02381
22 10 0.02381
29 10 0.02381
33 10 0.02381
34 10 0.02381
35 10 0.02381
52 10 0.02381
56 10 0.02381
71 10 0.02381
75 10 0.02381
83 10 0.02381
90 10 0.02381
117 10 0.02381
122 10 0.02381
125 10 0.02381
132 10 0.02381
144 10 0.02381
146 10 0.02381
150 10 0.02381
169 10 0.02381
171 10 0.02381
177 10 0.02381
178 10 0.02381
188 10 0.02381
190 10 0.02381
212 10 0.02381
217 10 0.02381
234 10 0.02381
246 10 0.02381
249 10 0.02381
280 10 0.02381
287 10 0.02381
325 10 0.02381
330 10 0.02381
13 11 0.03125
14 11 0.03125
15 11 0.03125
16 11 0.03125
20 11 0.03125
29 11 0.03125
31 11 0.03125
57 11 0.03125
58 11 0.03125
72 11 0.03125
83 11 0.03125
85 11 0.03125
92 11 0.03125
100 11 0.03125
106 11 0.03125
107 11 0.03125
177 11 0.03125
190 11 0.03125
242 11 0.03125
248 11 0.03125
261 11 0.03125
272 11 0.03125
283 11 0.03125
293 11 0.03125
310 11 0.03125
312 11 0.03125
313 11 0.03125
18 12 0.034483
21 12 0.034483
30 12 0.034483
37 12 0.034483
38 12 0.034483
45 12 0.034483
57 12 0.034483
60 12 0.034483
66 12 0.034483
77 12 0.034483
79 12 0.034483
92 12 0.034483
114 12 0.034483
137 12 0.034483
141 12 0.034483
145 12 0.034483
162 12 0.034483
202 12 0.034483
277 12 0.034483
295 12 0.034483
301 12 0.034483
305 12 0.034483
311 12 0.034483
357 12 0.034483
15 13 0.035714
23 13 0.035714
29 13 0.035714
32 13 0.035714
48 13 0.035714
59 13 0.035714
61 13 0.035714
78 13 0.035714
91 13 0.035714
93 13 0.035714
95 13 0.035714
96 13 0.035714
118 13 0.035714
125 13 0.035714
148 13 0.035714
164 13 0.035714
166 13 0.035714
168 13 0.035714
191 13 0.035714
192 13 0.035714
245 13 0.035714
261 13 0.035714
336 13 0.035714
16 14 0.038462
17 14 0.038462
59 14 0.038462
97 14 0.038462
100 14 0.038462
123 14 0.038462
128 14 0.038462
130 14 0.038462
132 14 0.038462
134 14 0.038462
138 14 0.038462
144 14 0.038462
175 14 0.038462
187 14 0.038462
195 14 0.038462
231 14 0.038462
278 14 0.038462
332 14 0.038462
343 14 0.038462
346 14 0.038462
350 14 0.038462
23 15 0.0625
43 15 0.0625
55 15 0.0625
65 15 0.0625
107 15 0.0625
152 15 0.0625
166 15 0.0625
200 15 0.0625
214 15 0.0625
261 15 0.0625
306 15 0.0625
17 16 0.034483
23 16 0.034483
31 16 0.034483
36 16 0.034483
37 16 0.034483
43 16 0.034483
49 16 0.034483
61 16 0.034483
63 16 0.034483
65 16 0.034483
68 16 0.034483
85 16 0.034483
97 16 0.034483
159 16 0.034483
181 16 0.034483
183 16 0.034483
199 16 0.034483
264 16 0.034483
270 16 0.034483
276 16 0.034483
279 16 0.034483
282 16 0.034483
312 16 0.034483
362 16 0.034483
24 17 0.066667
32 17 0.066667
40 17 0.066667
73 17 0.066667
121 17 0.066667
145 17 0.066667
155 17 0.066667
184 17 0.066667
188 17 0.066667
235 17 0.066667
21 18 0.034483
24 18 0.034483
26 18 0.034483
30 18 0.034483
41 18 0.034483
52 18 0.034483
77 18 0.034483
79 18 0.034483
110 18 0.034483
140 18 0.034483
143 18 0.034483
150 18 0.034483
169 18 0.034483
182 18 0.034483
214 18 0.034483
224 18 0.034483
232 18 0.034483
239 18 0.034483
246 18 0.034483
260 18 0.034483
269 18 0.034483
281 18 0.034483
340 18 0.034483
341 18 0.034483
35 19 0.043478
39 19 0.043478
48 19 0.043478
63 19 0.043478
81 19 0.043478
82 19 0.043478
101 19 0.043478
104 19 0.043478
120 19 0.043478
127 19 0.043478
131 19 0.043478
158 19 0.043478
172 19 0.043478
197 19 0.043478
274 19 0.043478
295 19 0.043478
316 19 0.043478
322 19 0.043478
33 20 0.04
38 20 0.04
39 20 0.04
42 20 0.04
46 20 0.04
47 20 0.04
97 20 0.04
103 20 0.04
107 20 0.04
110 20 0.04
174 20 0.04
181 20 0.04
183 20 0.04
217 20 0.04
219 20 0.04
274 20 0.04
306 20 0.04
318 20 0.04
338 20 0.04
352 20 0.04
23 21 0.025
25 21 0.025
26 21 0.025
32 21 0.025
34 21 0.025
50 21 0.025
52 21 0.025
61 21 0.025
62 21 0.025
64 21 0.025
70 21 0.025
71 21 0.025
74 21 0.025
84 21 0.025
86 21 0.025
98 21 0.025
103 21 0.025
104 21 0.025
113 21 0.025
154 21 0.025
186 21 0.025
188 21 0.025
195 21 0.025
205 21 0.025
215 21 0.025
234 21 0.025
252 21 0.025
253 21 0.025
259 21 0.025
269 21 0.025
280 21 0.025
290 21 0.025
302 21 0.025
305 21 0.025
367 21 0.025
23 22 0.052632
40 22 0.052632
51 22 0.052632
57 22 0.052632
69 22 0.052632
93 22 0.052632
118 22 0.052632
122 22 0.052632
134 22 0.052632
168 22 0.052632
188 22 0.052632
189 22 0.052632
226 22 0.052632
364 22 0.052632
31 23 0.076923
34 23 0.076923
37 23 0.076923
62 23 0.076923
91 23 0.076923
118 23 0.076923
139 23 0.076923
182 23 0.076923
30 24 0.058824
39 24 0.058824
50 24 0.058824
53 24 0.058824
69 24 0.058824
70 24 0.058824
88 24 0.058824
94 24 0.058824
103 24 0.058824
110 24 0.058824
195 24 0.058824
307 24 0.058824
27 25 0.027027
36 25 0.027027
41 25 0.027027
47 25 0.027027
50 25 0.027027
54 25 0.027027
56 25 0.027027
70 25 0.027027
76 25 0.027027
82 25 0.027027
92 25 0.027027
107 25 0.027027
122 25 0.027027
124 25 0.027027
143 25 0.027027
152 25 0.027027
155 25 0.027027
176 25 0.027027
182 25 0.027027
203 25 0.027027
205 25 0.027027
208 25 0.027027
221 25 0.027027
231 25 0.027027
251 25 0.027027
291 25 0.027027
300 25 0.027027
301 25 0.027027
302 25 0.027027
305 25 0.027027
354 25 0.027027
360 25 0.027027
37 26 0.04
53 26 0.04
54 26 0.04
61 26 0.04
78 26 0.04
83 26 0.04
158 26 0.04
161 26 0.04
192 26 0.04
211 26 0.04
212 26 0.04
219 26 0.04
249 26 0.04
255 26 0.04
256 26 0.04
262 26 0.04
284 26 0.04
294 26 0.04
344 26 0.04
368 26 0.04
29 27 0.034483
39 27 0.034483
49 27 0.034483
50 27 0.034483
60 27 0.034483
62 27 0.034483
83 27 0.034483
102 27 0.034483
109 27 0.034483
137 27 0.034483
141 27 0.034483
157 27 0.034483
176 27 0.034483
186 27 0.034483
196 27 0.034483
201 27 0.034483
212 27 0.034483
244 27 0.034483
247 27 0.034483
286 27 0.034483
313 27 0.034483
326 27 0.034483
346 27 0.034483
359 27 0.034483
40 28 0.066667
86 28 0.066667
124 28 0.066667
146 28 0.066667
186 28 0.066667
210 28 0.066667
222 28 0.066667
254 28 0.066667
269 28 0.066667
334 28 0.066667
30 29 0.055556
32 29 0.055556
47 29 0.055556
63 29 0.055556
80 29 0.055556
125 29 0.055556
200 29 0.055556
220 29 0.055556
243 29 0.055556
281 29 0.055556
292 29 0.055556
293 29 0.055556
359 29 0.055556
45 30 0.076923
46 30 0.076923
59 30 0.076923
88 30 0.076923
120 30 0.076923
179 30 0.076923
263 30 0.076923
276 30 0.076923
59 31 0.047619
73 31 0.047619
90 31 0.047619
95 31 0.047619
109 31 0.047619
115 31 0.047619
117 31 0.047619
119 31 0.047619
124 31 0.047619
147 31 0.047619
165 31 0.047619
194 31 0.047619
213 31 0.047619
282 31 0.047619
352 31 0.047619
367 31 0.047619
33 32 0.076923
76 32 0.076923
77 32 0.076923
85 32 0.076923
170 32 0.076923
304 32 0.076923
325 32 0.076923
341 32 0.076923
51 33 0.05
63 33 0.05
65 33 0.05
66 33 0.05
69 33 0.05
88 33 0.05
106 33 0.05
133 33 0.05
137 33 0.05
168 33 0.05
224 33 0.05
242 33 0.05
244 33 0.05
276 33 0.05
286 33 0.05
109 34 0.055556
129 34 0.055556
130 34 0.055556
185 34 0.055556
192 34 0.055556
207 34 0.055556
212 34 0.055556
215 34 0.055556
239 34 0.055556
280 34 0.055556
323 34 0.055556
326 34 0.055556
327 34 0.055556
76 35 0.076923
90 35 0.076923
100 35 0.076923
149 35 0.076923
167 35 0.076923
210 35 0.076923
233 35 0.076923
342 35 0.076923
80 36 0.125
97 36 0.125
249 36 0.125
38 37 0.05
53 37 0.05
55 37 0.05
67 37 0.05
87 37 0.05
105 37 0.05
106 37 0.05
117 37 0.05
213 37 0.05
238 37 0.05
267 37 0.05
304 37 0.05
318 37 0.05
351 37 0.05
354 37 0.05
71 38 0.111111
165 38 0.111111
166 38 0.111111
318 38 0.111111
40 39 0.038462
48 39 0.038462
51 39 0.038462
85 39 0.038462
93 39 0.038462
111 39 0.038462
121 39 0.038462
133 39 0.038462
134 39 0.038462
141 39 0.038462
154 39 0.038462
160 39 0.038462
171 39 0.038462
176 39 0.038462
183 39 0.038462
209 39 0.038462
257 39 0.038462
267 39 0.038462
287 39 0.038462
303 39 0.038462
323 39 0.038462
46 40 0.045455
54 40 0.045455
55 40 0.045455
72 40 0.045455
78 40 0.045455
94 40 0.045455
163 40 0.045455
167 40 0.045455
203 40 0.045455
236 40 0.045455
252 40 0.045455
259 40 0.045455
262 40 0.045455
296 40 0.045455
337 40 0.045455
339 40 0.045455
340 40 0.045455
204 41 0.111111
224 41 0.111111
301 41 0.111111
319 41 0.111111
44 42 0.047619
47 42 0.047619
48 42 0.047619
56 42 0.047619
66 42 0.047619
92 42 0.047619
96 42 0.047619
123 42 0.047619
162 42 0.047619
181 42 0.047619
204 42 0.047619
209 42 0.047619
240 42 0.047619
271 42 0.047619
292 42 0.047619
330 42 0.047619
58 43 0.055556
60 43 0.055556
68 43 0.055556
88 43 0.055556
99 43 0.055556
116 43 0.055556
127 43 0.055556
148 43 0.055556
215 43 0.055556
216 43 0.055556
273 43 0.055556
284 43 0.055556
310 43 0.055556
58 44 0.071429
101 44 0.071429
169 44 0.071429
224 44 0.071429
255 44 0.071429
267 44 0.071429
300 44 0.071429
310 44 0.071429
311 44 0.071429
80 45 0.0625
112 45 0.0625
113 45 0.0625
116 45 0.0625
126 45 0.0625
165 45 0.0625
199 45 0.0625
203 45 0.0625
223 45 0.0625
294 45 0.0625
327 45 0.0625
94 46 0.111111
122 46 0.111111
327 46 0.111111
348 46 0.111111
64 47 0.125
177 47 0.125
291 47 0.125
60 48 0.05
61 48 0.05
64 48 0.05
80 48 0.05
91 48 0.05
108 48 0.05
121 48 0.05
142 48 0.05
145 48 0.05
162 48 0.05
233 48 0.05
248 48 0.05
305 48 0.05
339 48 0.05
371 48 0.05
67 49 0.05
75 49 0.05
81 49 0.05
82 49 0.05
86 49 0.05
109 49 0.05
112 49 0.05
152 49 0.05
196 49 0.05
201 49 0.05
242 49 0.05
262 49 0.05
281 49 0.05
337 49 0.05
343 49 0.05
67 50 0.076923
70 50 0.076923
106 50 0.076923
108 50 0.076923
169 50 0.076923
173 50 0.076923
311 50 0.076923
359 50 0.076923
53 51 0.02439
55 51 0.02439
69 51 0.02439
74 51 0.02439
92 51 0.02439
115 51 0.02439
128 51 0.02439
136 51 0.02439
138 51 0.02439
147 51 0.02439
149 51 0.02439
153 51 0.02439
154 51 0.02439
168 51 0.02439
177 51 0.02439
179 51 0.02439
184 51 0.02439
185 51 0.02439
197 51 0.02439
198 51 0.02439
202 51 0.02439
206 51 0.02439
226 51 0.02439
240 51 0.02439
247 51 0.02439
250 51 0.02439
254 51 0.02439
257 51 0.02439
263 51 0.02439
281 51 0.02439
294 51 0.02439
297 51 0.02439
312 51 0.02439
314 51 0.02439
353 51 0.02439
356 51 0.02439
112 52 0.111111
162 52 0.111111
286 52 0.111111
302 52 0.111111
151 53 0.0625
170 53 0.0625
172 53 0.0625
178 53 0.0625
213 53 0.0625
223 53 0.0625
235 53 0.0625
254 53 0.0625
289 53 0.0625
325 53 0.0625
339 53 0.0625
64 54 0.071429
71 54 0.071429
129 54 0.071429
130 54 0.071429
156 54 0.071429
217 54 0.071429
224 54 0.071429
254 54 0.071429
256 54 0.071429
66 55 0.041667
73 55 0.041667
76 55 0.041667
91 55 0.041667
105 55 0.041667
109 55 0.041667
111 55 0.041667
115 55 0.041667
127 55 0.041667
137 55 0.041667
141 55 0.041667
168 55 0.041667
182 55 0.041667
199 55 0.041667
207 55 0.041667
273 55 0.041667
330 55 0.041667
331 55 0.041667
336 55 0.041667
69 56 0.090909
72 56 0.090909
101 56 0.090909
175 56 0.090909
275 56 0.090909
313 56 0.090909
105 57 0.071429
120 57 0.071429
167 57 0.071429
193 57 0.071429
250 57 0.071429
265 57 0.071429
276 57 0.071429
287 57 0.071429
356 57 0.071429
62 58 0.071429
110 58 0.071429
124 58 0.071429
159 58 0.071429
195 58 0.071429
218 58 0.071429
276 58 0.071429
309 58 0.071429
313 58 0.071429
74 59 0.076923
94 59 0.076923
129 59 0.076923
136 59 0.076923
150 59 0.076923
211 59 0.076923
237 59 0.076923
265 59 0.076923
94 60 0.083333
139 60 0.083333
142 60 0.083333
180 60 0.083333
218 60 0.083333
248 60 0.083333
314 60 0.083333
102 61 0.090909
136 61 0.090909
167 61 0.090909
307 61 0.090909
331 61 0.090909
368 61 0.090909
65 62 0.071429
84 62 0.071429
173 62 0.071429
185 62 0.071429
194 62 0.071429
252 62 0.071429
278 62 0.071429
282 62 0.071429
300 62 0.071429
88 63 0.1
127 63 0.1
203 63 0.1
220 63 0.1
274 63 0.1
93 64 0.125
264 64 0.125
322 64 0.125
84 65 0.083333
119 65 0.083333
174 65 0.083333
181 65 0.083333
231 65 0.083333
288 65 0.083333
369 65 0.083333
78 66 0.125
81 66 0.125
216 66 0.125
70 67 0.1
87 67 0.1
135 67 0.1
144 67 0.1
192 67 0.1
72 68 0.166667
322 70 0.125
354 70 0.125
365 70 0.125
75 71 0.0625
77 71 0.0625
135 71 0.0625
139 71 0.0625
156 71 0.0625
164 71 0.0625
179 71 0.0625
240 71 0.0625
275 71 0.0625
337 71 0.0625
359 71 0.0625
89 72 0.142857
231 72 0.142857
100 73 0.090909
108 73 0.090909
206 73 0.090909
222 73 0.090909
317 73 0.090909
364 73 0.090909
161 74 0.111111
206 74 0.111111
232 74 0.111111
355 74 0.111111
128 75 0.111111
253 75 0.111111
266 75 0.111111
277 75 0.111111
98 76 0.111111
114 76 0.111111
161 76 0.111111
349 76 0.111111
79 77 0.071429
82 77 0.071429
87 77 0.071429
140 77 0.071429
151 77 0.071429
222 77 0.071429
274 77 0.071429
277 77 0.071429
306 77 0.071429
108 78 0.090909
138 78 0.090909
200 78 0.090909
263 78 0.090909
294 78 0.090909
308 78 0.090909
120 79 0.071429
131 79 0.071429
190 79 0.071429
193 79 0.071429
240 79 0.071429
264 79 0.071429
299 79 0.071429
364 79 0.071429
369 79 0.071429
95 80 0.090909
103 80 0.090909
119 80 0.090909
143 80 0.090909
203 80 0.090909
361 80 0.090909
84 81 0.066667
95 81 0.066667
125 81 0.066667
158 81 0.066667
175 81 0.066667
201 81 0.066667
235 81 0.066667
236 81 0.066667
331 81 0.066667
341 81 0.066667
151 82 0.090909
155 82 0.090909
172 82 0.090909
251 82 0.090909
277 82 0.090909
289 82 0.090909
126 83 0.1
183 83 0.1
229 83 0.1
264 83 0.1
275 83 0.1
101 84 0.076923
160 84 0.076923
237 84 0.076923
239 84 0.076923
241 84 0.076923
283 84 0.076923
291 84 0.076923
292 84 0.076923
194 85 0.166667
108 86 0.083333
118 86 0.083333
144 86 0.083333
225 86 0.083333
232 86 0.083333
261 86 0.083333
331 86 0.083333
104 87 0.125
146 87 0.125
304 87 0.125
116 88 0.090909
129 88 0.090909
153 88 0.090909
180 88 0.090909
283 88 0.090909
328 88 0.090909
103 89 0.071429
165 89 0.071429
213 89 0.071429
254 89 0.071429
275 89 0.071429
295 89 0.071429
309 89 0.071429
322 89 0.071429
333 89 0.071429
102 90 0.066667
135 90 0.066667
148 90 0.066667
180 90 0.066667
187 90 0.066667
216 90 0.066667
222 90 0.066667
268 90 0.066667
290 90 0.066667
337 90 0.066667
96 91 0.090909
112 91 0.090909
114 91 0.090909
127 91 0.090909
163 91 0.090909
271 91 0.090909
99 92 0.076923
111 92 0.076923
148 92 0.076923
157 92 0.076923
171 92 0.076923
174 92 0.076923
215 92 0.076923
251 92 0.076923
142 93 0.1
176 93 0.1
270 93 0.1
303 93 0.1
307 93 0.1
98 94 0.066667
128 94 0.066667
146 94 0.066667
153 94 0.066667
157 94 0.066667
226 94 0.066667
238 94 0.066667
258 94 0.066667
323 94 0.066667
324 94 0.066667
237 95 0.125
253 95 0.125
272 95 0.125
98 96 0.076923
123 96 0.076923
132 96 0.076923
192 96 0.076923
238 96 0.076923
245 96 0.076923
264 96 0.076923
357 96 0.076923
119 97 0.111111
164 97 0.111111
225 97 0.111111
335 97 0.111111
156 98 0.1
170 98 0.1
178 98 0.1
219 98 0.1
322 98 0.1
210 99 0.125
214 99 0.125
317 99 0.125
131 100 0.071429
149 100 0.071429
156 100 0.071429
175 100 0.071429
185 100 0.071429
232 100 0.071429
241 100 0.071429
297 100 0.071429
303 100 0.071429
126 102 0.090909
133 102 0.090909
155 102 0.090909
164 102 0.090909
196 102 0.090909
260 102 0.090909
121 103 0.125
145 103 0.125
311 103 0.125
106 104 0.125
228 104 0.125
269 104 0.125
112 105 0.0625
113 105 0.0625
133 105 0.0625
199 105 0.0625
236 105 0.0625
245 105 0.0625
247 105 0.0625
279 105 0.0625
330 105 0.0625
346 105 0.0625
368 105 0.0625
131 106 0.111111
144 106 0.111111
191 106 0.111111
320 106 0.111111
132 107 0.125
226 107 0.125
358 107 0.125
114 108 0.125
130 108 0.125
179 108 0.125
162 109 0.142857
352 109 0.142857
116 110 0.1
189 110 0.1
297 110 0.1
315 110 0.1
367 110 0.1
159 111 0.142857
209 111 0.142857
138 112 0.066667
163 112 0.066667
219 112 0.066667
304 112 0.066667
314 112 0.066667
327 112 0.066667
344 112 0.066667
357 112 0.066667
358 112 0.066667
370 112 0.066667
130 113 0.083333
201 113 0.083333
280 113 0.083333
292 113 0.083333
336 113 0.083333
352 113 0.083333
355 113 0.083333
134 114 0.083333
147 114 0.083333
160 114 0.083333
172 114 0.083333
177 114 0.083333
294 114 0.083333
299 114 0.083333
116 115 0.0625
142 115 0.0625
154 115 0.0625
157 115 0.0625
172 115 0.0625
191 115 0.0625
214 115 0.0625
219 115 0.0625
335 115 0.0625
349 115 0.0625
360 115 0.0625
124 117 0.058824
166 117 0.058824
170 117 0.058824
187 117 0.058824
189 117 0.058824
202 117 0.058824
218 117 0.058824
229 117 0.058824
283 117 0.058824
293 117 0.058824
307 117 0.058824
344 117 0.058824
369 118 0.166667
134 119 0.1
207 119 0.1
247 119 0.1
290 119 0.1
363 119 0.1
150 120 0.1
167 120 0.1
234 120 0.1
271 120 0.1
316 120 0.1
226 121 0.166667
170 122 0.111111
191 122 0.111111
230 122 0.111111
271 122 0.111111
206 123 0.111111
246 123 0.111111
260 123 0.111111
312 123 0.111111
184 124 0.1
189 124 0.1
200 124 0.1
273 124 0.1
318 124 0.1
136 127 0.125
146 127 0.125
300 127 0.125
140 128 0.083333
180 128 0.083333
208 128 0.083333
229 128 0.083333
252 128 0.083333
297 128 0.083333
315 128 0.083333
321 129 0.166667
255 130 0.111111
256 130 0.111111
319 130 0.111111
327 130 0.111111
133 131 0.076923
151 131 0.076923
218 131 0.076923
256 131 0.076923
321 131 0.076923
324 131 0.076923
349 131 0.076923
365 131 0.076923
136 132 0.083333
152 132 0.083333
154 132 0.083333
245 132 0.083333
266 132 0.083333
271 132 0.083333
371 132 0.083333
155 133 0.083333
230 133 0.083333
232 133 0.083333
233 133 0.083333
242 133 0.083333
328 133 0.083333
340 133 0.083333
153 134 0.125
267 134 0.125
361 134 0.125
140 135 0.111111
164 135 0.111111
295 135 0.111111
351 135 0.111111
149 136 0.125
268 136 0.125
321 136 0.125
227 137 0.142857
298 137 0.142857
143 138 0.0625
150 138 0.0625
156 138 0.0625
210 138 0.0625
217 138 0.0625
239 138 0.0625
245 138 0.0625
320 138 0.0625
352 138 0.0625
358 138 0.0625
366 138 0.0625
255 139 0.142857
308 139 0.142857
221 140 0.166667
262 141 0.166667
244 142 0.142857
253 142 0.142857
148 143 0.111111
257 143 0.111111
273 143 0.111111
274 143 0.111111
204 144 0.076923
217 144 0.076923
235 144 0.076923
241 144 0.076923
243 144 0.076923
249 144 0.076923
250 144 0.076923
285 144 0.076923
270 145 0.142857
342 145 0.142857
160 146 0.142857
309 146 0.142857
153 147 0.090909
227 147 0.090909
272 147 0.090909
286 147 0.090909
299 147 0.090909
361 147 0.090909
174 148 0.1
230 148 0.1
285 148 0.1
363 148 0.1
371 148 0.1
173 149 0.111111
306 149 0.111111
319 149 0.111111
320 149 0.111111
227 150 0.125
252 150 0.125
288 150 0.125
216 151 0.1
270 151 0.1
297 151 0.1
333 151 0.1
345 151 0.1
165 152 0.111111
178 152 0.111111
270 152 0.111111
371 152 0.111111
230 153 0.125
286 153 0.125
356 153 0.125
196 155 0.142857
208 155 0.142857
282 156 0.142857
347 156 0.142857
173 157 0.166667
356 158 0.142857
363 158 0.142857
184 159 0.125
212 159 0.125
234 159 0.125
283 160 0.166667
180 161 0.083333
208 161 0.083333
211 161 0.083333
250 161 0.083333
279 161 0.083333
359 161 0.083333
370 161 0.083333
228 162 0.125
323 162 0.125
341 162 0.125
184 163 0.111111
262 163 0.111111
285 163 0.111111
361 163 0.111111
222 164 0.111111
317 164 0.111111
351 164 0.111111
357 164 0.111111
171 165 0.142857
289 165 0.142857
230 166 0.1
248 166 0.1
269 166 0.1
277 166 0.1
284 166 0.1
186 167 0.083333
265 167 0.083333
296 167 0.083333
331 167 0.083333
342 167 0.083333
347 167 0.083333
353 167 0.083333
169 168 0.125
263 168 0.125
363 168 0.125
209 169 0.142857
332 169 0.142857
334 171 0.166667
176 172 0.125
335 172 0.125
353 172 0.125
206 173 0.166667
198 174 0.125
207 174 0.125
244 174 0.125
186 176 0.125
207 176 0.125
259 176 0.125
220 177 0.166667
188 178 0.111111
193 178 0.111111
257 178 0.111111
313 178 0.111111
362 179 0.166667
338 180 0.166667
239 181 0.111111
312 181 0.111111
326 181 0.111111
340 181 0.111111
211 183 0.125
290 183 0.125
293 183 0.125
225 185 0.125
238 185 0.125
258 185 0.125
281 186 0.166667
202 187 0.166667
233 188 0.125
258 188 0.125
260 188 0.125
208 189 0.142857
328 189 0.142857
227 190 0.142857
335 190 0.142857
210 191 0.142857
356 191 0.142857
268 193 0.142857
299 193 0.142857
205 194 0.166667
221 196 0.1
278 196 0.1
279 196 0.1
288 196 0.1
298 196 0.1
360 197 0.166667
334 198 0.166667
314 200 0.166667
228 204 0.090909
260 204 0.090909
345 204 0.090909
348 204 0.090909
354 204 0.090909
366 204 0.090909
311 205 0.166667
247 206 0.111111
267 206 0.111111
268 206 0.111111
310 206 0.111111
301 208 0.166667
303 210 0.125
345 210 0.125
355 210 0.125
223 211 0.166667
314 212 0.166667
238 213 0.142857
243 213 0.142857
317 214 0.166667
336 216 0.166667
321 218 0.142857
325 218 0.142857
333 219 0.166667
365 220 0.166667
255 221 0.142857
332 221 0.142857
229 222 0.1
258 222 0.1
278 222 0.1
332 222 0.1
358 222 0.1
315 224 0.111111
319 224 0.111111
349 224 0.111111
364 224 0.111111
326 225 0.166667
289 227 0.166667
242 230 0.166667
302 231 0.166667
370 232 0.166667
265 233 0.111111
296 233 0.111111
347 233 0.111111
350 233 0.111111
268 234 0.142857
348 234 0.142857
278 235 0.166667
243 236 0.125
248 236 0.125
253 236 0.125
298 237 0.142857
336 237 0.142857
266 242 0.166667
338 244 0.166667
251 245 0.125
344 245 0.125
367 245 0.125
251 247 0.142857
334 247 0.142857
304 248 0.125
308 248 0.125
329 248 0.125
353 250 0.166667
272 251 0.142857
371 251 0.142857
292 254 0.111111
301 254 0.111111
318 254 0.111111
368 254 0.111111
263 255 0.166667
272 256 0.166667
333 257 0.142857
341 257 0.142857
293 258 0.142857
323 258 0.142857
329 259 0.142857
355 259 0.142857
343 260 0.125
346 260 0.125
364 260 0.125
320 261 0.166667
296 262 0.142857
342 262 0.142857
324 265 0.166667
289 267 0.166667
310 268 0.166667
343 269 0.166667
328 275 0.142857
339 275 0.142857
282 277 0.166667
315 279 0.166667
305 282 0.166667
370 283 0.166667
308 284 0.166667
291 286 0.142857
309 286 0.142857
357 292 0.142857
366 292 0.142857
338 294 0.142857
362 294 0.142857
365 295 0.166667
321 296 0.166667
315 297 0.142857
345 297 0.142857
324 299 0.166667
334 302 0.125
355 302 0.125
362 302 0.125
350 305 0.166667
350 307 0.166667
362 309 0.166667
316 311 0.142857
354 311 0.142857
343 317 0.166667
344 318 0.142857
351 318 0.142857
358 319 0.166667
324 320 0.142857
366 320 0.142857
368 322 0.166667
347 337 0.166667
348 345 0.166667
370 356 0.166667
