0 5 0.0125
0 7 0.022727
0 9 0.014706
0 27 0.052632
0 30 0.045455
0 61 0.076923
0 67 0.066667
0 71 0.066667
0 75 0.055556
0 82 0.05
0 83 0.076923
0 141 0.166667
0 145 0.142857
0 180 0.142857
0 193 0.111111
0 197 0.1
0 285 0.166667
0 331 0.2
0 344 0.2
0 403 0.2
0 449 0.2
1 5 0.0125
1 6 0.022727
1 8 0.017241
1 9 0.014706
1 10 0.017241
1 15 0.022727
1 18 0.028571
1 19 0.029412
1 21 0.058824
1 23 0.066667
1 29 0.05
1 31 0.045455
1 34 0.058824
1 38 0.043478
1 43 0.033333
1 45 0.047619
1 49 0.043478
1 50 0.058824
1 54 0.052632
1 57 0.090909
1 60 0.0625
1 72 0.052632
1 73 0.076923
1 85 0.111111
1 94 0.076923
1 97 0.125
1 98 0.111111
1 129 0.1
1 130 0.1
1 135 0.1
1 148 0.2
1 153 0.142857
1 173 0.111111
1 177 0.066667
1 178 0.142857
1 181 0.090909
1 191 0.083333
1 199 0.166667
1 201 0.083333
1 207 0.166667
1 216 0.166667
1 223 0.142857
1 231 0.111111
1 241 0.125
1 271 0.142857
1 285 0.166667
1 307 0.2
1 347 0.2
1 378 0.142857
1 395 0.2
1 421 0.2
1 429 0.2
1 436 0.166667
1 450 0.2
1 456 0.2
1 475 0.2
2 5 0.0125
2 6 0.022727
2 12 0.02381
2 17 0.029412
2 19 0.029412
2 25 0.05
2 30 0.045455
2 81 0.090909
2 98 0.111111
2 102 0.111111
2 193 0.111111
2 201 0.083333
2 252 0.142857
2 302 0.142857
2 404 0.2
2 434 0.2
2 435 0.2
2 447 0.2
3 5 0.0125
3 6 0.022727
3 7 0.022727
3 8 0.017241
3 11 0.034483
3 12 0.02381
3 16 0.029412
3 20 0.03125
3 34 0.058824
3 35 0.111111
3 47 0.055556
3 61 0.076923
3 65 0.04
3 66 0.071429
3 67 0.066667
3 72 0.052632
3 82 0.05
3 90 0.1
3 140 0.090909
3 142 0.083333
3 164 0.076923
3 172 0.166667
3 176 0.111111
3 179 0.125
3 205 0.2
3 246 0.166667
3 253 0.142857
3 259 0.1
3 267 0.125
3 274 0.166667
3 327 0.2
3 348 0.2
3 368 0.142857
3 380 0.2
3 396 0.2
3 418 0.2
3 441 0.2
3 464 0.2
3 473 0.2
3 497 0.2
4 5 0.0125
4 6 0.022727
4 7 0.022727
4 9 0.014706
4 13 0.014493
4 15 0.022727
4 17 0.029412
4 18 0.028571
4 21 0.058824
4 23 0.066667
4 31 0.045455
4 37 0.047619
4 46 0.035714
4 53 0.090909
4 59 0.052632
4 73 0.076923
4 75 0.055556
4 80 0.083333
4 83 0.076923
4 85 0.111111
4 86 0.066667
4 88 0.111111
4 94 0.076923
4 105 0.055556
4 107 0.071429
4 139 0.058824
4 141 0.166667
4 150 0.1
4 166 0.111111
4 172 0.166667
4 176 0.111111
4 217 0.142857
4 230 0.090909
4 247 0.142857
4 252 0.142857
4 278 0.2
4 292 0.2
4 352 0.166667
4 388 0.2
4 408 0.2
4 461 0.2
4 495 0.2
5 6 0.022727
5 7 0.022727
5 8 0.017241
5 10 0.017241
5 11 0.034483
5 13 0.014493
5 16 0.029412
5 19 0.029412
5 20 0.03125
5 24 0.043478
5 25 0.05
5 28 0.066667
5 29 0.05
5 30 0.045455
5 31 0.045455
5 32 0.142857
5 34 0.058824
5 38 0.043478
5 41 0.058824
5 45 0.047619
5 47 0.055556
5 48 0.0625
5 51 0.071429
5 52 0.047619
5 53 0.090909
5 66 0.071429
5 67 0.066667
5 72 0.052632
5 77 0.111111
5 91 0.125
5 93 0.083333
5 104 0.142857
5 108 0.076923
5 110 0.111111
5 111 0.083333
5 119 0.052632
5 120 0.142857
5 124 0.083333
5 126 0.142857
5 132 0.142857
5 136 0.142857
5 144 0.05
5 146 0.1
5 157 0.111111
5 166 0.111111
5 174 0.125
5 197 0.1
5 204 0.1
5 205 0.2
5 241 0.125
5 249 0.2
5 255 0.166667
5 264 0.125
5 268 0.166667
5 279 0.142857
5 280 0.142857
5 282 0.125
5 286 0.166667
5 287 0.166667
5 313 0.166667
5 367 0.142857
5 372 0.2
5 389 0.2
5 390 0.166667
5 395 0.2
5 398 0.142857
5 402 0.166667
5 405 0.166667
5 409 0.166667
5 439 0.2
5 441 0.2
5 463 0.2
5 467 0.2
5 481 0.2
5 487 0.2
6 7 0.022727
6 8 0.017241
6 9 0.014706
6 10 0.017241
6 13 0.014493
6 14 0.045455
6 20 0.03125
6 22 0.037037
6 24 0.043478
6 31 0.045455
6 39 0.029412
6 42 0.083333
6 44 0.090909
6 45 0.047619
6 46 0.035714
6 49 0.043478
6 51 0.071429
6 58 0.142857
6 68 0.043478
6 80 0.083333
6 100 0.125
6 101 0.166667
6 111 0.083333
6 121 0.090909
6 195 0.142857
6 196 0.166667
6 221 0.125
6 227 0.125
6 237 0.142857
6 244 0.111111
6 257 0.142857
6 271 0.142857
6 297 0.166667
6 338 0.166667
6 344 0.2
6 379 0.142857
6 410 0.2
6 436 0.166667
6 454 0.2
7 8 0.017241
7 9 0.014706
7 10 0.017241
7 11 0.034483
7 12 0.02381
7 16 0.029412
7 17 0.029412
7 18 0.028571
7 24 0.043478
7 37 0.047619
7 40 0.090909
7 51 0.071429
7 67 0.066667
7 71 0.066667
7 84 0.043478
7 126 0.142857
7 129 0.1
7 147 0.166667
7 154 0.090909
7 157 0.111111
7 158 0.1
7 176 0.111111
7 179 0.125
7 204 0.1
7 216 0.166667
7 223 0.142857
7 230 0.090909
7 234 0.142857
7 244 0.111111
7 248 0.142857
7 260 0.2
7 274 0.166667
7 276 0.142857
7 332 0.166667
7 379 0.142857
7 437 0.2
7 439 0.2
7 455 0.166667
7 457 0.2
8 11 0.034483
8 12 0.02381
8 13 0.014493
8 14 0.045455
8 15 0.022727
8 16 0.029412
8 26 0.052632
8 31 0.045455
8 33 0.038462
8 41 0.058824
8 45 0.047619
8 49 0.043478
8 53 0.090909
8 63 0.1
8 71 0.066667
8 77 0.111111
8 78 0.111111
8 93 0.083333
8 95 0.083333
8 99 0.052632
8 101 0.166667
8 104 0.142857
8 114 0.083333
8 121 0.090909
8 124 0.083333
8 142 0.083333
8 163 0.166667
8 169 0.111111
8 180 0.142857
8 194 0.111111
8 204 0.1
8 206 0.090909
8 214 0.111111
8 225 0.1
8 235 0.142857
8 256 0.142857
8 295 0.1
8 297 0.166667
8 298 0.142857
8 321 0.166667
8 326 0.2
8 361 0.2
8 387 0.166667
8 419 0.125
8 425 0.2
8 438 0.2
8 451 0.2
8 456 0.2
8 462 0.2
8 466 0.2
8 467 0.2
8 469 0.2
8 496 0.2
9 10 0.017241
9 11 0.034483
9 13 0.014493
9 14 0.045455
9 15 0.022727
9 17 0.029412
9 21 0.058824
9 25 0.05
9 28 0.066667
9 29 0.05
9 30 0.045455
9 32 0.142857
9 35 0.111111
9 42 0.083333
9 44 0.090909
9 56 0.066667
9 65 0.04
9 69 0.142857
9 70 0.083333
9 73 0.076923
9 78 0.111111
9 81 0.090909
9 85 0.111111
9 86 0.066667
9 95 0.083333
9 100 0.125
9 106 0.1
9 107 0.071429
9 110 0.111111
9 111 0.083333
9 126 0.142857
9 129 0.1
9 131 0.111111
9 143 0.1
9 151 0.090909
9 163 0.166667
9 164 0.076923
9 178 0.142857
9 186 0.125
9 190 0.166667
9 196 0.166667
9 210 0.111111
9 215 0.142857
9 238 0.2
9 242 0.125
9 256 0.142857
9 270 0.166667
9 321 0.166667
9 327 0.2
9 328 0.125
9 337 0.166667
9 339 0.166667
9 350 0.2
9 354 0.142857
9 359 0.142857
9 399 0.2
9 416 0.2
9 429 0.2
9 430 0.2
9 450 0.2
9 471 0.2
9 480 0.166667
9 485 0.2
10 12 0.02381
10 20 0.03125
10 21 0.058824
10 28 0.066667
10 29 0.05
10 33 0.038462
10 35 0.111111
10 37 0.047619
10 39 0.029412
10 40 0.090909
10 47 0.055556
10 50 0.058824
10 61 0.076923
10 64 0.125
10 65 0.04
10 70 0.083333
10 72 0.052632
10 79 0.076923
10 83 0.076923
10 89 0.142857
10 97 0.125
10 127 0.076923
10 148 0.2
10 161 0.142857
10 166 0.111111
10 167 0.076923
10 168 0.1
10 181 0.090909
10 215 0.142857
10 240 0.166667
10 245 0.125
10 248 0.142857
10 264 0.125
10 268 0.166667
10 276 0.142857
10 283 0.2
10 297 0.166667
10 301 0.142857
10 328 0.125
10 334 0.2
10 338 0.166667
10 348 0.2
10 364 0.166667
10 368 0.142857
10 402 0.166667
10 423 0.142857
10 430 0.2
10 444 0.2
10 457 0.2
10 461 0.2
10 465 0.2
10 488 0.2
10 499 0.2
11 22 0.037037
11 46 0.035714
11 55 0.058824
11 57 0.090909
11 60 0.0625
11 68 0.043478
11 73 0.076923
11 95 0.083333
11 96 0.125
11 115 0.076923
11 116 0.083333
11 122 0.142857
11 148 0.2
11 151 0.090909
11 154 0.090909
11 197 0.1
11 199 0.166667
11 281 0.2
11 305 0.2
11 324 0.166667
11 379 0.142857
11 403 0.2
11 415 0.166667
11 438 0.2
12 14 0.045455
12 15 0.022727
12 19 0.029412
12 24 0.043478
12 25 0.05
12 32 0.142857
12 39 0.029412
12 49 0.043478
12 62 0.083333
12 66 0.071429
12 77 0.111111
12 81 0.090909
12 84 0.043478
12 87 0.058824
12 94 0.076923
12 164 0.076923
12 190 0.166667
12 196 0.166667
12 226 0.142857
12 236 0.142857
12 244 0.111111
12 265 0.142857
12 277 0.166667
12 283 0.2
12 299 0.142857
12 325 0.166667
12 342 0.2
12 345 0.2
12 378 0.142857
12 389 0.2
12 419 0.125
12 425 0.2
12 426 0.2
12 449 0.2
12 454 0.2
12 457 0.2
12 459 0.166667
13 14 0.045455
13 17 0.029412
13 18 0.028571
13 22 0.037037
13 26 0.052632
13 27 0.052632
13 33 0.038462
13 34 0.058824
13 38 0.043478
13 42 0.083333
13 48 0.0625
13 50 0.058824
13 57 0.090909
13 64 0.125
13 82 0.05
13 91 0.125
13 126 0.142857
13 132 0.142857
13 158 0.1
13 159 0.166667
13 168 0.1
13 170 0.125
13 172 0.166667
13 179 0.125
13 180 0.142857
13 188 0.142857
13 197 0.1
13 203 0.125
13 224 0.111111
13 226 0.142857
13 233 0.2
13 239 0.2
13 252 0.142857
13 265 0.142857
13 267 0.125
13 268 0.166667
13 274 0.166667
13 282 0.125
13 289 0.142857
13 291 0.142857
13 297 0.166667
13 299 0.142857
13 300 0.142857
13 302 0.142857
13 308 0.142857
13 309 0.2
13 311 0.111111
13 314 0.166667
13 325 0.166667
13 330 0.166667
13 338 0.166667
13 340 0.125
13 342 0.2
13 362 0.125
13 364 0.166667
13 371 0.2
13 384 0.2
13 415 0.166667
13 417 0.166667
13 421 0.2
13 428 0.2
13 455 0.166667
13 495 0.2
13 496 0.2
14 16 0.029412
14 18 0.028571
14 23 0.066667
14 36 0.0625
14 38 0.043478
14 41 0.058824
14 51 0.071429
14 74 0.111111
14 81 0.090909
14 94 0.076923
14 101 0.166667
14 109 0.058824
14 192 0.111111
14 225 0.1
14 247 0.142857
14 401 0.166667
14 425 0.2
15 24 0.043478
15 26 0.052632
15 27 0.052632
15 37 0.047619
15 43 0.033333
15 44 0.090909
15 50 0.058824
15 55 0.058824
15 56 0.066667
15 60 0.0625
15 69 0.142857
15 71 0.066667
15 76 0.058824
15 89 0.142857
15 92 0.058824
15 105 0.055556
15 112 0.111111
15 113 0.090909
15 114 0.083333
15 118 0.125
15 140 0.090909
15 141 0.166667
15 163 0.166667
15 167 0.076923
15 183 0.125
15 194 0.111111
15 200 0.142857
15 224 0.111111
15 245 0.125
15 253 0.142857
15 262 0.166667
15 266 0.142857
15 321 0.166667
15 322 0.166667
15 367 0.142857
15 388 0.2
15 442 0.166667
15 465 0.2
15 498 0.2
16 22 0.037037
16 28 0.066667
16 38 0.043478
16 55 0.058824
16 58 0.142857
16 59 0.052632
16 62 0.083333
16 64 0.125
16 66 0.071429
16 68 0.043478
16 75 0.055556
16 80 0.083333
16 82 0.05
16 107 0.071429
16 142 0.083333
16 152 0.1
16 177 0.066667
16 185 0.1
16 201 0.083333
16 205 0.2
16 220 0.166667
16 232 0.142857
16 239 0.2
16 267 0.125
16 295 0.1
16 417 0.166667
16 472 0.2
16 480 0.166667
16 495 0.2
17 19 0.029412
17 20 0.03125
17 26 0.052632
17 32 0.142857
17 37 0.047619
17 46 0.035714
17 53 0.090909
17 62 0.083333
17 63 0.1
17 74 0.111111
17 80 0.083333
17 89 0.142857
17 90 0.1
17 102 0.111111
17 105 0.055556
17 149 0.125
17 223 0.142857
17 234 0.142857
17 278 0.2
17 281 0.2
17 298 0.142857
17 351 0.142857
17 354 0.142857
17 365 0.2
17 371 0.2
17 374 0.166667
17 412 0.166667
17 423 0.142857
17 489 0.2
18 21 0.058824
18 27 0.052632
18 32 0.142857
18 34 0.058824
18 35 0.111111
18 42 0.083333
18 43 0.033333
18 55 0.058824
18 58 0.142857
18 60 0.0625
18 76 0.058824
18 84 0.043478
18 88 0.111111
18 97 0.125
18 122 0.142857
18 128 0.071429
18 137 0.111111
18 143 0.1
18 145 0.142857
18 157 0.111111
18 161 0.142857
18 185 0.1
18 189 0.142857
18 191 0.083333
18 229 0.142857
18 244 0.111111
18 284 0.142857
18 357 0.2
18 405 0.166667
18 482 0.2
19 22 0.037037
19 25 0.05
19 30 0.045455
19 33 0.038462
19 35 0.111111
19 65 0.04
19 91 0.125
19 103 0.083333
19 109 0.058824
19 111 0.083333
19 156 0.076923
19 159 0.166667
19 163 0.166667
19 192 0.111111
19 235 0.142857
19 269 0.142857
19 292 0.2
19 306 0.2
19 318 0.142857
19 347 0.2
19 351 0.142857
19 365 0.2
19 373 0.166667
19 383 0.2
19 392 0.166667
19 412 0.166667
19 441 0.2
19 469 0.2
19 498 0.2
20 23 0.066667
20 27 0.052632
20 28 0.066667
20 36 0.0625
20 44 0.090909
20 45 0.047619
20 86 0.066667
20 88 0.111111
20 116 0.083333
20 135 0.1
20 139 0.058824
20 140 0.090909
20 142 0.083333
20 154 0.090909
20 162 0.166667
20 175 0.083333
20 194 0.111111
20 293 0.125
20 301 0.142857
20 307 0.2
20 316 0.2
20 329 0.166667
20 339 0.166667
20 347 0.2
20 380 0.2
20 474 0.166667
20 489 0.2
21 23 0.066667
21 52 0.047619
21 54 0.052632
21 68 0.043478
21 115 0.076923
21 237 0.142857
21 270 0.166667
21 275 0.142857
21 307 0.2
21 332 0.166667
21 337 0.166667
21 431 0.2
22 33 0.038462
22 36 0.0625
22 49 0.043478
22 88 0.111111
22 89 0.142857
22 99 0.052632
22 103 0.083333
22 108 0.076923
22 115 0.076923
22 173 0.111111
22 189 0.142857
22 200 0.142857
22 212 0.1
22 228 0.142857
22 244 0.111111
22 273 0.166667
22 304 0.142857
22 391 0.2
22 416 0.2
22 438 0.2
22 450 0.2
22 452 0.2
23 76 0.058824
23 113 0.090909
23 114 0.083333
23 181 0.090909
23 194 0.111111
23 200 0.142857
23 396 0.2
23 431 0.2
23 460 0.2
23 494 0.2
24 36 0.0625
24 51 0.071429
24 52 0.047619
24 98 0.111111
24 167 0.076923
24 192 0.111111
24 217 0.142857
24 250 0.166667
24 263 0.090909
24 273 0.166667
24 275 0.142857
24 312 0.166667
24 325 0.166667
24 335 0.2
24 337 0.166667
24 402 0.166667
24 404 0.2
24 413 0.2
25 26 0.052632
25 29 0.05
25 53 0.090909
25 107 0.071429
25 115 0.076923
25 118 0.125
25 127 0.076923
25 208 0.125
25 220 0.166667
25 221 0.125
25 247 0.142857
25 267 0.125
25 277 0.166667
25 362 0.125
25 477 0.2
26 36 0.0625
26 40 0.090909
26 43 0.033333
26 55 0.058824
26 58 0.142857
26 76 0.058824
26 79 0.076923
26 122 0.142857
26 162 0.166667
26 202 0.2
26 279 0.142857
26 301 0.142857
26 445 0.166667
26 497 0.2
27 39 0.029412
27 63 0.1
27 83 0.076923
27 116 0.083333
27 122 0.142857
27 132 0.142857
27 155 0.055556
27 172 0.166667
27 217 0.142857
27 226 0.142857
27 238 0.2
27 309 0.2
27 312 0.166667
27 406 0.166667
28 47 0.055556
28 104 0.142857
28 160 0.111111
28 203 0.125
28 260 0.2
28 265 0.142857
28 289 0.142857
28 354 0.142857
28 365 0.2
28 420 0.166667
29 67 0.066667
29 68 0.043478
29 83 0.076923
29 124 0.083333
29 125 0.090909
29 130 0.1
29 160 0.111111
29 173 0.111111
29 175 0.083333
29 186 0.125
29 221 0.125
29 266 0.142857
29 273 0.166667
29 279 0.142857
29 473 0.2
30 39 0.029412
30 52 0.047619
30 70 0.083333
30 74 0.111111
30 95 0.083333
30 97 0.125
30 106 0.1
30 117 0.2
30 123 0.0625
30 169 0.111111
30 173 0.111111
30 196 0.166667
30 294 0.142857
30 366 0.2
30 413 0.2
30 448 0.166667
30 497 0.2
31 41 0.058824
31 76 0.058824
31 102 0.111111
31 140 0.090909
31 178 0.142857
31 182 0.142857
31 202 0.2
31 208 0.125
31 212 0.1
31 226 0.142857
31 234 0.142857
31 256 0.142857
31 374 0.166667
31 391 0.2
31 399 0.2
31 434 0.2
31 485 0.2
32 40 0.090909
32 127 0.076923
33 46 0.035714
33 54 0.052632
33 77 0.111111
33 103 0.083333
33 108 0.076923
33 122 0.142857
33 128 0.071429
33 131 0.111111
33 134 0.076923
33 212 0.1
33 233 0.2
33 349 0.142857
33 358 0.166667
33 419 0.125
33 427 0.2
33 453 0.2
33 456 0.2
33 458 0.2
33 460 0.2
33 461 0.2
33 482 0.2
34 59 0.052632
34 85 0.111111
34 176 0.111111
34 213 0.125
34 223 0.142857
34 226 0.142857
34 303 0.2
34 341 0.125
34 406 0.166667
34 458 0.2
34 463 0.2
34 499 0.2
35 94 0.076923
35 192 0.111111
35 322 0.166667
35 420 0.166667
36 48 0.0625
36 112 0.111111
36 139 0.058824
36 148 0.2
36 222 0.090909
36 276 0.142857
36 334 0.2
36 353 0.142857
36 358 0.166667
36 377 0.142857
36 382 0.166667
37 60 0.0625
37 71 0.066667
37 72 0.052632
37 89 0.142857
37 92 0.058824
37 98 0.111111
37 100 0.125
37 109 0.058824
37 148 0.2
37 155 0.055556
37 174 0.125
37 202 0.2
37 217 0.142857
37 233 0.2
37 426 0.2
37 472 0.2
38 43 0.033333
38 80 0.083333
38 87 0.058824
38 111 0.083333
38 114 0.083333
38 117 0.2
38 145 0.142857
38 156 0.076923
38 160 0.111111
38 170 0.125
38 188 0.142857
38 225 0.1
38 242 0.125
38 280 0.142857
38 288 0.2
38 297 0.166667
38 353 0.142857
38 421 0.2
39 40 0.090909
39 42 0.083333
39 50 0.058824
39 56 0.066667
39 57 0.090909
39 59 0.052632
39 62 0.083333
39 79 0.076923
39 88 0.111111
39 99 0.052632
39 134 0.076923
39 143 0.1
39 150 0.1
39 152 0.1
39 158 0.1
39 161 0.142857
39 169 0.111111
39 184 0.2
39 231 0.111111
39 239 0.2
39 272 0.125
39 320 0.166667
39 351 0.142857
39 366 0.2
39 422 0.2
39 441 0.2
39 445 0.166667
39 455 0.166667
39 482 0.2
40 41 0.058824
40 112 0.111111
40 186 0.125
40 209 0.166667
40 250 0.166667
40 288 0.2
41 77 0.111111
41 86 0.066667
41 188 0.142857
41 237 0.142857
41 247 0.142857
41 251 0.166667
41 273 0.166667
41 289 0.142857
41 335 0.2
41 336 0.125
41 343 0.142857
41 486 0.2
42 44 0.090909
42 59 0.052632
42 276 0.142857
42 298 0.142857
42 328 0.125
42 392 0.166667
42 435 0.2
43 61 0.076923
43 62 0.083333
43 63 0.1
43 69 0.142857
43 70 0.083333
43 108 0.076923
43 120 0.142857
43 125 0.090909
43 156 0.076923
43 181 0.090909
43 182 0.142857
43 202 0.2
43 238 0.2
43 274 0.166667
43 293 0.125
43 303 0.2
43 336 0.125
43 347 0.2
43 355 0.166667
43 357 0.2
43 382 0.166667
43 418 0.2
43 420 0.166667
43 440 0.2
43 478 0.2
44 48 0.0625
44 79 0.076923
44 211 0.142857
44 306 0.2
44 454 0.2
44 469 0.2
45 73 0.076923
45 98 0.111111
45 103 0.083333
45 133 0.125
45 189 0.142857
45 198 0.166667
45 222 0.090909
45 246 0.166667
45 253 0.142857
45 281 0.2
45 288 0.2
45 301 0.142857
45 316 0.2
45 319 0.166667
45 440 0.2
45 487 0.2
46 47 0.055556
46 48 0.0625
46 54 0.052632
46 61 0.076923
46 66 0.071429
46 84 0.043478
46 110 0.111111
46 114 0.083333
46 118 0.125
46 121 0.090909
46 125 0.090909
46 132 0.142857
46 137 0.111111
46 146 0.1
46 160 0.111111
46 193 0.111111
46 225 0.1
46 298 0.142857
46 300 0.142857
46 321 0.166667
46 367 0.142857
46 415 0.166667
46 420 0.166667
47 56 0.066667
47 87 0.058824
47 100 0.125
47 112 0.111111
47 123 0.0625
47 125 0.090909
47 147 0.166667
47 199 0.166667
47 324 0.166667
47 334 0.2
47 343 0.142857
47 386 0.2
47 499 0.2
48 54 0.052632
48 116 0.083333
48 172 0.166667
48 177 0.066667
48 180 0.142857
48 183 0.125
48 222 0.090909
48 303 0.2
48 320 0.166667
48 446 0.166667
48 485 0.2
49 52 0.047619
49 69 0.142857
49 97 0.125
49 106 0.1
49 109 0.058824
49 113 0.090909
49 147 0.166667
49 168 0.1
49 206 0.090909
49 210 0.111111
49 243 0.090909
49 262 0.166667
49 322 0.166667
49 329 0.166667
49 359 0.142857
49 377 0.142857
49 431 0.2
49 475 0.2
50 78 0.111111
50 96 0.125
50 153 0.142857
50 165 0.142857
50 250 0.166667
50 260 0.2
50 280 0.142857
50 299 0.142857
50 303 0.2
50 328 0.125
50 446 0.166667
50 490 0.2
51 65 0.04
51 74 0.111111
51 162 0.166667
51 206 0.090909
51 370 0.2
51 389 0.2
51 426 0.2
51 433 0.2
51 453 0.2
52 56 0.066667
52 151 0.090909
52 168 0.1
52 171 0.125
52 173 0.111111
52 239 0.2
52 252 0.142857
52 269 0.142857
52 307 0.2
52 320 0.166667
52 376 0.166667
52 390 0.166667
52 464 0.2
52 465 0.2
52 468 0.2
52 494 0.2
53 70 0.083333
53 147 0.166667
53 249 0.2
53 335 0.2
53 360 0.2
53 460 0.2
54 57 0.090909
54 99 0.052632
54 104 0.142857
54 105 0.055556
54 121 0.090909
54 185 0.1
54 214 0.111111
54 257 0.142857
54 274 0.166667
54 314 0.166667
54 369 0.2
54 372 0.2
54 423 0.142857
54 491 0.2
55 86 0.066667
55 87 0.058824
55 107 0.071429
55 119 0.052632
55 138 0.090909
55 155 0.055556
55 182 0.142857
55 227 0.125
55 251 0.166667
55 253 0.142857
55 347 0.2
55 455 0.166667
56 58 0.142857
56 121 0.090909
56 192 0.111111
56 203 0.125
56 212 0.1
56 259 0.1
56 281 0.2
56 288 0.2
56 348 0.2
56 359 0.142857
57 90 0.1
57 153 0.142857
57 171 0.125
57 300 0.142857
57 345 0.2
57 356 0.166667
58 158 0.1
58 234 0.142857
59 64 0.125
59 101 0.166667
59 115 0.076923
59 130 0.1
59 184 0.2
59 191 0.083333
59 221 0.125
59 262 0.166667
59 285 0.166667
59 290 0.142857
59 296 0.125
59 339 0.166667
59 371 0.2
59 493 0.2
60 69 0.142857
60 75 0.055556
60 81 0.090909
60 91 0.125
60 93 0.083333
60 118 0.125
60 123 0.0625
60 240 0.166667
60 269 0.142857
60 379 0.142857
60 454 0.2
61 93 0.083333
61 119 0.052632
61 133 0.125
61 155 0.055556
61 209 0.166667
61 278 0.2
61 344 0.2
61 481 0.2
62 63 0.1
62 64 0.125
62 100 0.125
62 103 0.083333
62 295 0.1
62 346 0.111111
62 376 0.166667
63 78 0.111111
63 174 0.125
63 261 0.2
63 275 0.142857
63 360 0.2
64 138 0.090909
64 409 0.166667
64 490 0.2
65 102 0.111111
65 119 0.052632
65 127 0.076923
65 132 0.142857
65 150 0.1
65 213 0.125
65 214 0.111111
65 220 0.166667
65 240 0.166667
65 251 0.166667
65 257 0.142857
65 258 0.142857
65 261 0.2
65 271 0.142857
65 343 0.142857
65 402 0.166667
65 410 0.2
65 432 0.2
65 444 0.2
65 493 0.2
66 74 0.111111
66 90 0.1
66 108 0.076923
66 201 0.083333
66 218 0.166667
66 336 0.125
66 418 0.2
66 442 0.166667
66 490 0.2
67 82 0.05
67 104 0.142857
67 112 0.111111
67 134 0.076923
67 152 0.1
67 161 0.142857
67 266 0.142857
67 353 0.142857
67 357 0.2
67 404 0.2
68 92 0.058824
68 110 0.111111
68 123 0.0625
68 128 0.071429
68 195 0.142857
68 204 0.1
68 227 0.125
68 232 0.142857
68 245 0.125
68 255 0.166667
68 268 0.166667
68 292 0.2
68 294 0.142857
68 320 0.166667
68 324 0.166667
68 375 0.142857
68 417 0.166667
68 428 0.2
69 155 0.055556
69 306 0.2
70 79 0.076923
70 162 0.166667
70 237 0.142857
70 330 0.166667
70 344 0.2
70 408 0.2
70 483 0.2
71 78 0.111111
71 117 0.2
71 129 0.1
71 200 0.142857
71 235 0.142857
71 339 0.166667
71 359 0.142857
71 376 0.166667
71 388 0.2
71 440 0.2
72 75 0.055556
72 106 0.1
72 153 0.142857
72 171 0.125
72 184 0.2
72 206 0.090909
72 218 0.166667
72 278 0.2
72 296 0.125
72 354 0.142857
72 413 0.2
72 471 0.2
72 483 0.2
72 496 0.2
73 92 0.058824
73 136 0.142857
73 137 0.111111
73 138 0.090909
73 220 0.166667
73 342 0.2
73 375 0.142857
73 408 0.2
74 96 0.125
74 131 0.111111
74 291 0.142857
74 342 0.2
75 93 0.083333
75 95 0.083333
75 101 0.166667
75 159 0.166667
75 164 0.076923
75 191 0.083333
75 243 0.090909
75 272 0.125
75 313 0.166667
75 321 0.166667
75 322 0.166667
75 384 0.2
75 451 0.2
76 130 0.1
76 141 0.166667
76 187 0.166667
76 286 0.166667
76 296 0.125
76 315 0.166667
76 330 0.166667
76 345 0.2
76 413 0.2
76 436 0.166667
76 444 0.2
76 468 0.2
77 90 0.1
77 144 0.05
77 151 0.090909
77 472 0.2
78 91 0.125
78 135 0.1
78 146 0.1
78 159 0.166667
79 84 0.043478
79 106 0.1
79 165 0.142857
79 176 0.111111
79 319 0.166667
79 323 0.2
79 352 0.166667
79 387 0.166667
80 109 0.058824
80 195 0.142857
80 221 0.125
80 282 0.125
80 325 0.166667
80 334 0.2
80 371 0.2
81 85 0.111111
81 128 0.071429
81 246 0.166667
81 349 0.142857
81 398 0.142857
81 462 0.2
82 119 0.052632
82 149 0.125
82 177 0.066667
82 203 0.125
82 205 0.2
82 213 0.125
82 230 0.090909
82 236 0.142857
82 242 0.125
82 292 0.2
82 293 0.125
82 332 0.166667
82 385 0.2
82 411 0.2
82 474 0.166667
83 113 0.090909
83 120 0.142857
83 129 0.1
83 165 0.142857
83 201 0.083333
83 206 0.090909
83 216 0.166667
83 250 0.166667
84 87 0.058824
84 92 0.058824
84 96 0.125
84 136 0.142857
84 146 0.1
84 170 0.125
84 184 0.2
84 199 0.166667
84 211 0.142857
84 228 0.142857
84 259 0.1
84 265 0.142857
84 333 0.166667
84 349 0.142857
84 374 0.166667
84 443 0.2
84 449 0.2
84 488 0.2
85 113 0.090909
85 198 0.166667
85 386 0.2
85 417 0.166667
86 131 0.111111
86 152 0.1
86 168 0.1
86 174 0.125
86 209 0.166667
86 210 0.111111
86 246 0.166667
86 270 0.166667
86 386 0.2
86 410 0.2
87 96 0.125
87 105 0.055556
87 123 0.0625
87 137 0.111111
87 175 0.083333
87 254 0.166667
87 260 0.2
87 305 0.2
87 317 0.142857
87 358 0.166667
87 373 0.166667
87 499 0.2
88 118 0.125
88 134 0.076923
88 222 0.090909
88 453 0.2
89 102 0.111111
89 189 0.142857
90 99 0.052632
90 315 0.166667
90 362 0.125
90 374 0.166667
90 431 0.2
91 144 0.05
91 190 0.166667
91 370 0.2
92 187 0.166667
92 193 0.111111
92 250 0.166667
92 255 0.166667
92 262 0.166667
92 291 0.142857
92 310 0.142857
92 380 0.2
92 409 0.166667
92 423 0.142857
92 426 0.2
92 489 0.2
93 116 0.083333
93 141 0.166667
93 181 0.090909
93 293 0.125
93 302 0.142857
93 331 0.2
93 377 0.142857
94 117 0.2
94 120 0.142857
94 128 0.071429
94 258 0.142857
94 284 0.142857
94 286 0.166667
94 394 0.166667
94 432 0.2
95 130 0.1
95 145 0.142857
95 157 0.111111
95 166 0.111111
95 182 0.142857
95 197 0.1
95 220 0.166667
96 184 0.2
96 208 0.125
96 272 0.125
97 170 0.125
97 269 0.142857
97 349 0.142857
98 245 0.125
98 257 0.142857
98 326 0.2
98 387 0.166667
99 133 0.125
99 142 0.083333
99 169 0.111111
99 178 0.142857
99 183 0.125
99 286 0.166667
99 383 0.2
99 407 0.166667
99 427 0.2
99 444 0.2
99 457 0.2
99 466 0.2
99 467 0.2
99 496 0.2
100 143 0.1
100 149 0.125
100 255 0.166667
101 331 0.2
102 311 0.111111
102 329 0.166667
102 337 0.166667
102 467 0.2
103 207 0.166667
103 225 0.1
103 263 0.090909
103 286 0.166667
103 350 0.2
103 357 0.2
103 484 0.2
104 117 0.2
104 382 0.166667
105 124 0.083333
105 131 0.111111
105 138 0.090909
105 162 0.166667
105 214 0.111111
105 218 0.166667
105 253 0.142857
105 258 0.142857
105 264 0.125
105 284 0.142857
105 300 0.142857
105 368 0.142857
105 435 0.2
106 171 0.125
106 277 0.166667
106 295 0.1
106 316 0.2
106 334 0.2
107 195 0.142857
107 205 0.2
107 219 0.166667
107 237 0.142857
107 275 0.142857
107 287 0.166667
107 325 0.166667
107 366 0.2
107 471 0.2
108 146 0.1
108 235 0.142857
108 245 0.125
108 308 0.142857
108 349 0.142857
108 432 0.2
108 458 0.2
108 476 0.2
109 110 0.111111
109 133 0.125
109 143 0.1
109 144 0.05
109 149 0.125
109 156 0.076923
109 259 0.1
109 282 0.125
109 317 0.142857
109 394 0.166667
109 484 0.2
109 492 0.2
110 134 0.076923
110 241 0.125
110 254 0.166667
110 346 0.111111
111 188 0.142857
111 207 0.166667
111 209 0.166667
111 240 0.166667
111 378 0.142857
111 422 0.2
111 486 0.2
112 136 0.142857
112 158 0.1
112 179 0.125
112 229 0.142857
113 135 0.1
113 196 0.166667
113 222 0.090909
113 249 0.2
113 340 0.125
113 414 0.166667
114 179 0.125
114 190 0.166667
114 233 0.2
114 256 0.142857
114 329 0.166667
114 374 0.166667
114 394 0.166667
115 258 0.142857
115 261 0.2
115 272 0.125
115 287 0.166667
115 304 0.142857
115 350 0.2
115 477 0.2
115 488 0.2
116 124 0.083333
116 127 0.076923
116 163 0.166667
116 210 0.111111
116 213 0.125
116 214 0.111111
116 391 0.2
118 150 0.1
118 338 0.166667
118 399 0.2
119 120 0.142857
119 152 0.1
119 187 0.166667
119 216 0.166667
119 236 0.142857
119 261 0.2
119 272 0.125
119 308 0.142857
119 313 0.166667
119 344 0.2
119 365 0.2
119 411 0.2
119 416 0.2
119 489 0.2
120 177 0.066667
120 232 0.142857
121 125 0.090909
121 126 0.142857
121 310 0.142857
121 390 0.166667
121 452 0.2
121 494 0.2
122 241 0.125
122 242 0.125
123 136 0.142857
123 157 0.111111
123 170 0.125
123 174 0.125
123 185 0.1
123 279 0.142857
123 319 0.166667
123 363 0.2
123 410 0.2
123 424 0.166667
123 437 0.2
124 137 0.111111
124 207 0.166667
124 294 0.142857
124 361 0.2
124 448 0.166667
124 464 0.2
124 480 0.166667
125 144 0.05
125 186 0.125
125 219 0.166667
125 251 0.166667
125 296 0.125
125 352 0.166667
126 171 0.125
126 360 0.2
127 133 0.125
127 212 0.1
127 230 0.090909
127 257 0.142857
127 276 0.142857
127 307 0.2
127 461 0.2
127 464 0.2
128 140 0.090909
128 147 0.166667
128 187 0.166667
128 231 0.111111
128 233 0.2
128 248 0.142857
128 256 0.142857
128 284 0.142857
128 439 0.2
129 151 0.090909
129 154 0.090909
129 397 0.166667
129 446 0.166667
129 477 0.2
130 165 0.142857
130 167 0.076923
130 219 0.166667
130 327 0.2
130 488 0.2
131 135 0.1
131 185 0.1
131 424 0.166667
131 468 0.2
132 338 0.166667
132 481 0.2
133 139 0.058824
133 215 0.142857
133 421 0.2
134 139 0.058824
134 215 0.142857
134 271 0.142857
134 277 0.166667
134 312 0.166667
134 331 0.2
134 397 0.166667
134 410 0.2
135 182 0.142857
135 188 0.142857
135 213 0.125
135 285 0.166667
135 484 0.2
136 280 0.142857
136 478 0.2
137 138 0.090909
137 211 0.142857
137 215 0.142857
137 270 0.166667
138 150 0.1
138 178 0.142857
138 208 0.125
138 265 0.142857
138 311 0.111111
138 453 0.2
139 145 0.142857
139 149 0.125
139 165 0.142857
139 229 0.142857
139 279 0.142857
139 317 0.142857
139 328 0.125
139 378 0.142857
139 400 0.2
139 425 0.2
139 446 0.166667
139 493 0.2
140 166 0.111111
140 183 0.125
140 186 0.125
140 190 0.166667
140 309 0.2
140 380 0.2
141 477 0.2
142 238 0.2
142 243 0.090909
142 346 0.111111
142 381 0.2
142 403 0.2
142 476 0.2
142 498 0.2
143 204 0.1
143 218 0.166667
143 263 0.090909
143 445 0.166667
143 479 0.2
144 161 0.142857
144 164 0.076923
144 198 0.166667
144 211 0.142857
144 273 0.166667
144 294 0.142857
144 310 0.142857
144 312 0.166667
144 314 0.166667
144 357 0.2
144 388 0.2
144 411 0.2
144 415 0.166667
144 433 0.2
144 448 0.166667
145 183 0.125
145 479 0.2
146 167 0.076923
146 308 0.142857
146 392 0.166667
146 427 0.2
146 475 0.2
147 187 0.166667
149 154 0.090909
149 198 0.166667
149 463 0.2
150 189 0.142857
150 304 0.142857
150 305 0.2
150 346 0.111111
150 463 0.2
151 153 0.142857
151 159 0.166667
151 306 0.2
151 310 0.142857
151 323 0.2
151 326 0.2
152 191 0.083333
152 346 0.111111
152 386 0.2
152 400 0.2
152 409 0.166667
153 290 0.142857
153 429 0.2
154 156 0.076923
154 294 0.142857
154 442 0.166667
154 459 0.166667
154 462 0.2
154 492 0.2
155 199 0.166667
155 202 0.2
155 224 0.111111
155 236 0.142857
155 241 0.125
155 263 0.090909
155 283 0.2
155 404 0.2
155 412 0.166667
155 419 0.125
155 420 0.166667
155 428 0.2
155 496 0.2
156 210 0.111111
156 218 0.166667
156 300 0.142857
156 341 0.125
156 405 0.166667
156 411 0.2
156 462 0.2
156 466 0.2
157 238 0.2
157 289 0.142857
157 364 0.166667
157 387 0.166667
158 160 0.111111
158 169 0.111111
158 298 0.142857
158 330 0.166667
158 430 0.2
159 373 0.166667
160 216 0.166667
160 228 0.142857
160 280 0.142857
160 375 0.142857
161 315 0.166667
161 355 0.166667
162 385 0.2
163 335 0.2
164 180 0.142857
164 247 0.142857
164 251 0.166667
164 295 0.1
164 355 0.166667
164 429 0.2
164 432 0.2
164 469 0.2
165 423 0.142857
165 497 0.2
166 342 0.2
166 381 0.2
166 394 0.166667
166 422 0.2
167 175 0.083333
167 203 0.125
167 240 0.166667
167 275 0.142857
167 316 0.2
167 358 0.166667
167 369 0.2
167 400 0.2
168 200 0.142857
168 278 0.2
168 323 0.2
168 392 0.166667
168 458 0.2
169 219 0.166667
169 236 0.142857
169 243 0.090909
169 487 0.2
170 282 0.125
170 293 0.125
170 467 0.2
171 195 0.142857
171 208 0.125
171 227 0.125
172 211 0.142857
173 175 0.083333
173 232 0.142857
173 258 0.142857
173 365 0.2
174 309 0.2
174 318 0.142857
174 322 0.166667
175 254 0.166667
175 355 0.166667
175 376 0.166667
175 412 0.166667
175 440 0.2
175 486 0.2
175 495 0.2
176 249 0.2
176 283 0.2
176 398 0.142857
176 427 0.2
177 209 0.166667
177 248 0.142857
177 262 0.166667
177 271 0.142857
177 299 0.142857
177 377 0.142857
177 417 0.166667
177 459 0.166667
177 464 0.2
177 470 0.166667
178 235 0.142857
178 306 0.2
179 193 0.111111
179 396 0.2
179 433 0.2
180 351 0.142857
180 455 0.166667
181 224 0.111111
181 299 0.142857
181 319 0.166667
181 358 0.166667
181 361 0.2
181 413 0.2
182 242 0.125
182 350 0.2
183 454 0.2
183 462 0.2
183 476 0.2
185 198 0.166667
185 310 0.142857
185 368 0.142857
185 384 0.2
185 451 0.2
186 234 0.142857
186 336 0.125
186 364 0.166667
187 406 0.166667
188 341 0.125
188 445 0.166667
189 264 0.125
189 368 0.142857
190 379 0.142857
191 194 0.111111
191 239 0.2
191 393 0.2
191 465 0.2
191 466 0.2
191 486 0.2
191 490 0.2
192 229 0.142857
192 323 0.2
192 388 0.2
192 494 0.2
193 317 0.142857
193 352 0.166667
193 385 0.2
193 452 0.2
194 362 0.125
194 396 0.2
194 445 0.166667
194 487 0.2
195 422 0.2
195 442 0.166667
196 348 0.2
197 263 0.090909
197 301 0.142857
197 318 0.142857
197 395 0.2
197 478 0.2
198 288 0.2
199 283 0.2
200 207 0.166667
200 266 0.142857
201 246 0.166667
201 261 0.2
201 267 0.125
201 315 0.166667
201 353 0.142857
201 397 0.166667
201 439 0.2
203 243 0.090909
203 401 0.166667
203 405 0.166667
204 228 0.142857
204 255 0.166667
204 290 0.142857
204 313 0.166667
204 320 0.166667
206 217 0.142857
206 254 0.166667
206 318 0.142857
206 360 0.2
206 435 0.2
206 463 0.2
207 343 0.142857
208 252 0.142857
208 469 0.2
208 476 0.2
209 407 0.166667
210 324 0.166667
210 376 0.166667
210 384 0.2
210 459 0.166667
211 369 0.2
211 468 0.2
212 219 0.166667
212 290 0.142857
212 369 0.2
212 426 0.2
212 478 0.2
213 229 0.142857
213 260 0.2
213 385 0.2
214 224 0.111111
214 231 0.111111
214 393 0.2
214 438 0.2
215 228 0.142857
215 361 0.2
216 370 0.2
217 311 0.111111
217 401 0.166667
218 385 0.2
219 324 0.166667
220 223 0.142857
221 277 0.166667
221 402 0.166667
221 452 0.2
222 227 0.125
222 231 0.111111
222 249 0.2
222 313 0.166667
222 350 0.2
222 356 0.166667
223 248 0.142857
223 416 0.2
224 254 0.166667
224 329 0.166667
224 333 0.166667
224 434 0.2
225 268 0.166667
225 287 0.166667
225 356 0.166667
225 381 0.2
225 465 0.2
226 230 0.090909
226 485 0.2
227 289 0.142857
227 327 0.2
227 407 0.166667
228 287 0.166667
228 356 0.166667
229 284 0.142857
229 442 0.166667
230 232 0.142857
230 304 0.142857
230 381 0.2
230 404 0.2
230 431 0.2
230 479 0.2
231 341 0.125
231 352 0.166667
231 472 0.2
231 494 0.2
232 290 0.142857
232 398 0.142857
234 259 0.1
234 435 0.2
235 269 0.142857
235 270 0.166667
236 348 0.2
236 392 0.166667
237 304 0.142857
237 415 0.166667
240 401 0.166667
241 351 0.142857
241 371 0.2
241 428 0.2
242 264 0.125
242 291 0.142857
242 409 0.166667
243 314 0.166667
243 391 0.2
243 405 0.166667
243 425 0.2
243 449 0.2
243 475 0.2
244 330 0.166667
244 331 0.2
244 393 0.2
244 395 0.2
245 303 0.2
245 443 0.2
245 474 0.166667
246 458 0.2
247 363 0.2
247 419 0.125
248 339 0.166667
248 384 0.2
250 285 0.166667
251 418 0.2
252 443 0.2
252 476 0.2
253 399 0.2
253 473 0.2
254 311 0.111111
255 333 0.166667
256 364 0.166667
256 447 0.2
257 309 0.2
257 440 0.2
258 291 0.142857
258 479 0.2
259 266 0.142857
259 305 0.2
259 345 0.2
259 363 0.2
259 450 0.2
262 366 0.2
263 315 0.166667
263 387 0.166667
263 403 0.2
263 474 0.166667
263 481 0.2
263 498 0.2
264 326 0.2
264 406 0.166667
264 449 0.2
265 340 0.125
265 473 0.2
266 296 0.125
266 375 0.142857
267 281 0.2
267 336 0.125
267 372 0.2
268 335 0.2
269 302 0.142857
269 393 0.2
270 439 0.2
271 318 0.142857
271 470 0.166667
272 333 0.166667
272 461 0.2
272 486 0.2
273 317 0.142857
274 386 0.2
275 370 0.2
275 389 0.2
276 319 0.166667
276 373 0.166667
277 457 0.2
279 375 0.142857
279 437 0.2
280 312 0.166667
280 356 0.166667
282 382 0.166667
282 432 0.2
282 456 0.2
284 292 0.2
284 355 0.166667
285 497 0.2
286 471 0.2
287 333 0.166667
289 327 0.2
289 353 0.142857
290 302 0.142857
290 305 0.2
291 332 0.166667
291 470 0.166667
293 326 0.2
293 362 0.125
293 429 0.2
294 340 0.125
294 369 0.2
295 314 0.166667
295 360 0.2
295 411 0.2
295 414 0.166667
295 424 0.166667
296 438 0.2
296 478 0.2
296 483 0.2
297 470 0.166667
298 316 0.2
298 372 0.2
299 447 0.2
299 487 0.2
300 424 0.166667
300 492 0.2
301 332 0.166667
301 372 0.2
302 308 0.142857
302 430 0.2
304 443 0.2
304 483 0.2
308 448 0.166667
308 473 0.2
310 354 0.142857
310 383 0.2
311 359 0.142857
311 397 0.166667
311 399 0.2
311 484 0.2
312 485 0.2
313 380 0.2
314 443 0.2
315 446 0.166667
317 373 0.166667
317 481 0.2
318 323 0.2
318 337 0.166667
319 377 0.142857
320 340 0.125
321 470 0.166667
322 400 0.2
324 345 0.2
325 459 0.166667
328 400 0.2
328 401 0.166667
328 414 0.166667
329 434 0.2
330 397 0.166667
332 363 0.2
333 341 0.125
336 363 0.2
336 407 0.166667
336 437 0.2
337 366 0.2
338 444 0.2
339 343 0.142857
340 370 0.2
340 414 0.166667
340 441 0.2
341 367 0.142857
341 381 0.2
341 407 0.166667
343 361 0.2
343 416 0.2
346 378 0.142857
346 383 0.2
346 389 0.2
346 390 0.166667
349 393 0.2
349 430 0.2
351 383 0.2
351 406 0.166667
352 421 0.2
353 398 0.142857
353 412 0.166667
354 367 0.142857
354 390 0.166667
355 480 0.166667
356 450 0.2
358 491 0.2
359 391 0.2
359 493 0.2
362 448 0.166667
362 452 0.2
362 472 0.2
364 492 0.2
367 427 0.2
367 466 0.2
368 436 0.166667
368 447 0.2
373 433 0.2
374 403 0.2
375 394 0.166667
375 460 0.2
376 382 0.166667
377 396 0.2
377 408 0.2
378 424 0.166667
378 474 0.166667
379 436 0.166667
379 477 0.2
382 408 0.2
387 395 0.2
390 434 0.2
392 479 0.2
394 437 0.2
397 482 0.2
398 418 0.2
398 498 0.2
401 414 0.166667
402 495 0.2
405 471 0.2
406 428 0.2
407 451 0.2
409 433 0.2
412 447 0.2
414 499 0.2
415 451 0.2
417 484 0.2
419 422 0.2
419 489 0.2
419 491 0.2
420 483 0.2
423 453 0.2
423 475 0.2
424 493 0.2
436 468 0.2
442 482 0.2
445 456 0.2
446 491 0.2
448 491 0.2
455 480 0.166667
459 460 0.2
470 488 0.2
474 490 0.2
480 492 0.2
5 0 0.047619
7 0 0.047619
9 0 0.047619
27 0 0.047619
30 0 0.047619
61 0 0.047619
67 0 0.047619
71 0 0.047619
75 0 0.047619
82 0 0.047619
83 0 0.047619
141 0 0.047619
145 0 0.047619
180 0 0.047619
193 0 0.047619
197 0 0.047619
285 0 0.047619
331 0 0.047619
344 0 0.047619
403 0 0.047619
449 0 0.047619
5 1 0.017857
6 1 0.017857
8 1 0.017857
9 1 0.017857
10 1 0.017857
15 1 0.017857
18 1 0.017857
19 1 0.017857
21 1 0.017857
23 1 0.017857
29 1 0.017857
31 1 0.017857
34 1 0.017857
38 1 0.017857
43 1 0.017857
45 1 0.017857
49 1 0.017857
50 1 0.017857
54 1 0.017857
57 1 0.017857
60 1 0.017857
72 1 0.017857
73 1 0.017857
85 1 0.017857
94 1 0.017857
97 1 0.017857
98 1 0.017857
129 1 0.017857
130 1 0.017857
135 1 0.017857
148 1 0.017857
153 1 0.017857
173 1 0.017857
177 1 0.017857
178 1 0.017857
181 1 0.017857
191 1 0.017857
199 1 0.017857
201 1 0.017857
207 1 0.017857
216 1 0.017857
223 1 0.017857
231 1 0.017857
241 1 0.017857
271 1 0.017857
285 1 0.017857
307 1 0.017857
347 1 0.017857
378 1 0.017857
395 1 0.017857
421 1 0.017857
429 1 0.017857
436 1 0.017857
450 1 0.017857
456 1 0.017857
475 1 0.017857
5 2 0.055556
6 2 0.055556
12 2 0.055556
17 2 0.055556
19 2 0.055556
25 2 0.055556
30 2 0.055556
81 2 0.055556
98 2 0.055556
102 2 0.055556
193 2 0.055556
201 2 0.055556
252 2 0.055556
302 2 0.055556
404 2 0.055556
434 2 0.055556
435 2 0.055556
447 2 0.055556
5 3 0.025
6 3 0.025
7 3 0.025
8 3 0.025
11 3 0.025
12 3 0.025
16 3 0.025
20 3 0.025
34 3 0.025
35 3 0.025
47 3 0.025
61 3 0.025
65 3 0.025
66 3 0.025
67 3 0.025
72 3 0.025
82 3 0.025
90 3 0.025
140 3 0.025
142 3 0.025
164 3 0.025
172 3 0.025
176 3 0.025
179 3 0.025
205 3 0.025
246 3 0.025
253 3 0.025
259 3 0.025
267 3 0.025
274 3 0.025
327 3 0.025
348 3 0.025
368 3 0.025
380 3 0.025
396 3 0.025
418 3 0.025
441 3 0.025
464 3 0.025
473 3 0.025
497 3 0.025
5 4 0.02381
6 4 0.02381
7 4 0.02381
9 4 0.02381
13 4 0.02381
15 4 0.02381
17 4 0.02381
18 4 0.02381
21 4 0.02381
23 4 0.02381
31 4 0.02381
37 4 0.02381
46 4 0.02381
53 4 0.02381
59 4 0.02381
73 4 0.02381
75 4 0.02381
80 4 0.02381
83 4 0.02381
85 4 0.02381
86 4 0.02381
88 4 0.02381
94 4 0.02381
105 4 0.02381
107 4 0.02381
139 4 0.02381
141 4 0.02381
150 4 0.02381
166 4 0.02381
172 4 0.02381
176 4 0.02381
217 4 0.02381
230 4 0.02381
247 4 0.02381
252 4 0.02381
278 4 0.02381
292 4 0.02381
352 4 0.02381
388 4 0.02381
408 4 0.02381
461 4 0.02381
495 4 0.02381
6 5 0.0125
7 5 0.0125
8 5 0.0125
10 5 0.0125
11 5 0.0125
13 5 0.0125
16 5 0.0125
19 5 0.0125
20 5 0.0125
24 5 0.0125
25 5 0.0125
28 5 0.0125
29 5 0.0125
30 5 0.0125
31 5 0.0125
32 5 0.0125
34 5 0.0125
38 5 0.0125
41 5 0.0125
45 5 0.0125
47 5 0.0125
48 5 0.0125
51 5 0.0125
52 5 0.0125
53 5 0.0125
66 5 0.0125
67 5 0.0125
72 5 0.0125
77 5 0.0125
91 5 0.0125
93 5 0.0125
104 5 0.0125
108 5 0.0125
110 5 0.0125
111 5 0.0125
119 5 0.0125
120 5 0.0125
124 5 0.0125
126 5 0.0125
132 5 0.0125
136 5 0.0125
144 5 0.0125
146 5 0.0125
157 5 0.0125
166 5 0.0125
174 5 0.0125
197 5 0.0125
204 5 0.0125
205 5 0.0125
241 5 0.0125
249 5 0.0125
255 5 0.0125
264 5 0.0125
268 5 0.0125
279 5 0.0125
280 5 0.0125
282 5 0.0125
286 5 0.0125
287 5 0.0125
313 5 0.0125
367 5 0.0125
372 5 0.0125
389 5 0.0125
390 5 0.0125
395 5 0.0125
398 5 0.0125
402 5 0.0125
405 5 0.0125
409 5 0.0125
439 5 0.0125
441 5 0.0125
463 5 0.0125
467 5 0.0125
481 5 0.0125
487 5 0.0125
7 6 0.022727
8 6 0.022727
9 6 0.022727
10 6 0.022727
13 6 0.022727
14 6 0.022727
20 6 0.022727
22 6 0.022727
24 6 0.022727
31 6 0.022727
39 6 0.022727
42 6 0.022727
44 6 0.022727
45 6 0.022727
46 6 0.022727
49 6 0.022727
51 6 0.022727
58 6 0.022727
68 6 0.022727
80 6 0.022727
100 6 0.022727
101 6 0.022727
111 6 0.022727
121 6 0.022727
195 6 0.022727
196 6 0.022727
221 6 0.022727
227 6 0.022727
237 6 0.022727
244 6 0.022727
257 6 0.022727
271 6 0.022727
297 6 0.022727
338 6 0.022727
344 6 0.022727
379 6 0.022727
410 6 0.022727
436 6 0.022727
454 6 0.022727
8 7 0.022727
9 7 0.022727
10 7 0.022727
11 7 0.022727
12 7 0.022727
16 7 0.022727
17 7 0.022727
18 7 0.022727
24 7 0.022727
37 7 0.022727
40 7 0.022727
51 7 0.022727
67 7 0.022727
71 7 0.022727
84 7 0.022727
126 7 0.022727
129 7 0.022727
147 7 0.022727
154 7 0.022727
157 7 0.022727
158 7 0.022727
176 7 0.022727
179 7 0.022727
204 7 0.022727
216 7 0.022727
223 7 0.022727
230 7 0.022727
234 7 0.022727
244 7 0.022727
248 7 0.022727
260 7 0.022727
274 7 0.022727
276 7 0.022727
332 7 0.022727
379 7 0.022727
437 7 0.022727
439 7 0.022727
455 7 0.022727
457 7 0.022727
11 8 0.017241
12 8 0.017241
13 8 0.017241
14 8 0.017241
15 8 0.017241
16 8 0.017241
26 8 0.017241
31 8 0.017241
33 8 0.017241
41 8 0.017241
45 8 0.017241
49 8 0.017241
53 8 0.017241
63 8 0.017241
71 8 0.017241
77 8 0.017241
78 8 0.017241
93 8 0.017241
95 8 0.017241
99 8 0.017241
101 8 0.017241
104 8 0.017241
114 8 0.017241
121 8 0.017241
124 8 0.017241
142 8 0.017241
163 8 0.017241
169 8 0.017241
180 8 0.017241
194 8 0.017241
204 8 0.017241
206 8 0.017241
214 8 0.017241
225 8 0.017241
235 8 0.017241
256 8 0.017241
295 8 0.017241
297 8 0.017241
298 8 0.017241
321 8 0.017241
326 8 0.017241
361 8 0.017241
387 8 0.017241
419 8 0.017241
425 8 0.017241
438 8 0.017241
451 8 0.017241
456 8 0.017241
462 8 0.017241
466 8 0.017241
467 8 0.017241
469 8 0.017241
496 8 0.017241
10 9 0.014706
11 9 0.014706
13 9 0.014706
14 9 0.014706
15 9 0.014706
17 9 0.014706
21 9 0.014706
25 9 0.014706
28 9 0.014706
29 9 0.014706
30 9 0.014706
32 9 0.014706
35 9 0.014706
42 9 0.014706
44 9 0.014706
56 9 0.014706
65 9 0.014706
69 9 0.014706
70 9 0.014706
73 9 0.014706
78 9 0.014706
81 9 0.014706
85 9 0.014706
86 9 0.014706
95 9 0.014706
100 9 0.014706
106 9 0.014706
107 9 0.014706
110 9 0.014706
111 9 0.014706
126 9 0.014706
129 9 0.014706
131 9 0.014706
143 9 0.014706
151 9 0.014706
163 9 0.014706
164 9 0.014706
178 9 0.014706
186 9 0.014706
190 9 0.014706
196 9 0.014706
210 9 0.014706
215 9 0.014706
238 9 0.014706
242 9 0.014706
256 9 0.014706
270 9 0.014706
321 9 0.014706
327 9 0.014706
328 9 0.014706
337 9 0.014706
339 9 0.014706
350 9 0.014706
354 9 0.014706
359 9 0.014706
399 9 0.014706
416 9 0.014706
429 9 0.014706
430 9 0.014706
450 9 0.014706
471 9 0.014706
480 9 0.014706
485 9 0.014706
12 10 0.017241
20 10 0.017241
21 10 0.017241
28 10 0.017241
29 10 0.017241
33 10 0.017241
35 10 0.017241
37 10 0.017241
39 10 0.017241
40 10 0.017241
47 10 0.017241
50 10 0.017241
61 10 0.017241
64 10 0.017241
65 10 0.017241
70 10 0.017241
72 10 0.017241
79 10 0.017241
83 10 0.017241
89 10 0.017241
97 10 0.017241
127 10 0.017241
148 10 0.017241
161 10 0.017241
166 10 0.017241
167 10 0.017241
168 10 0.017241
181 10 0.017241
215 10 0.017241
240 10 0.017241
245 10 0.017241
248 10 0.017241
264 10 0.017241
268 10 0.017241
276 10 0.017241
283 10 0.017241
297 10 0.017241
301 10 0.017241
328 10 0.017241
334 10 0.017241
338 10 0.017241
348 10 0.017241
364 10 0.017241
368 10 0.017241
402 10 0.017241
423 10 0.017241
430 10 0.017241
444 10 0.017241
457 10 0.017241
461 10 0.017241
465 10 0.017241
488 10 0.017241
499 10 0.017241
22 11 0.034483
46 11 0.034483
55 11 0.034483
57 11 0.034483
60 11 0.034483
68 11 0.034483
73 11 0.034483
95 11 0.034483
96 11 0.034483
115 11 0.034483
116 11 0.034483
122 11 0.034483
148 11 0.034483
151 11 0.034483
154 11 0.034483
197 11 0.034483
199 11 0.034483
281 11 0.034483
305 11 0.034483
324 11 0.034483
379 11 0.034483
403 11 0.034483
415 11 0.034483
438 11 0.034483
14 12 0.02381
15 12 0.02381
19 12 0.02381
24 12 0.02381
25 12 0.02381
32 12 0.02381
39 12 0.02381
49 12 0.02381
62 12 0.02381
66 12 0.02381
77 12 0.02381
81 12 0.02381
84 12 0.02381
87 12 0.02381
94 12 0.02381
164 12 0.02381
190 12 0.02381
196 12 0.02381
226 12 0.02381
236 12 0.02381
244 12 0.02381
265 12 0.02381
277 12 0.02381
283 12 0.02381
299 12 0.02381
325 12 0.02381
342 12 0.02381
345 12 0.02381
378 12 0.02381
389 12 0.02381
419 12 0.02381
425 12 0.02381
426 12 0.02381
449 12 0.02381
454 12 0.02381
457 12 0.02381
459 12 0.02381
14 13 0.014493
17 13 0.014493
18 13 0.014493
22 13 0.014493
26 13 0.014493
27 13 0.014493
33 13 0.014493
34 13 0.014493
38 13 0.014493
42 13 0.014493
48 13 0.014493
50 13 0.014493
57 13 0.014493
64 13 0.014493
82 13 0.014493
91 13 0.014493
126 13 0.014493
132 13 0.014493
158 13 0.014493
159 13 0.014493
168 13 0.014493
170 13 0.014493
172 13 0.014493
179 13 0.014493
180 13 0.014493
188 13 0.014493
197 13 0.014493
203 13 0.014493
224 13 0.014493
226 13 0.014493
233 13 0.014493
239 13 0.014493
252 13 0.014493
265 13 0.014493
267 13 0.014493
268 13 0.014493
274 13 0.014493
282 13 0.014493
289 13 0.014493
291 13 0.014493
297 13 0.014493
299 13 0.014493
300 13 0.014493
302 13 0.014493
308 13 0.014493
309 13 0.014493
311 13 0.014493
314 13 0.014493
325 13 0.014493
330 13 0.014493
338 13 0.014493
340 13 0.014493
342 13 0.014493
362 13 0.014493
364 13 0.014493
371 13 0.014493
384 13 0.014493
415 13 0.014493
417 13 0.014493
421 13 0.014493
428 13 0.014493
455 13 0.014493
495 13 0.014493
496 13 0.014493
16 14 0.045455
18 14 0.045455
23 14 0.045455
36 14 0.045455
38 14 0.045455
41 14 0.045455
51 14 0.045455
74 14 0.045455
81 14 0.045455
94 14 0.045455
101 14 0.045455
109 14 0.045455
192 14 0.045455
225 14 0.045455
247 14 0.045455
401 14 0.045455
425 14 0.045455
24 15 0.022727
26 15 0.022727
27 15 0.022727
37 15 0.022727
43 15 0.022727
44 15 0.022727
50 15 0.022727
55 15 0.022727
56 15 0.022727
60 15 0.022727
69 15 0.022727
71 15 0.022727
76 15 0.022727
89 15 0.022727
92 15 0.022727
105 15 0.022727
112 15 0.022727
113 15 0.022727
114 15 0.022727
118 15 0.022727
140 15 0.022727
141 15 0.022727
163 15 0.022727
167 15 0.022727
183 15 0.022727
194 15 0.022727
200 15 0.022727
224 15 0.022727
245 15 0.022727
253 15 0.022727
262 15 0.022727
266 15 0.022727
321 15 0.022727
322 15 0.022727
367 15 0.022727
388 15 0.022727
442 15 0.022727
465 15 0.022727
498 15 0.022727
22 16 0.029412
28 16 0.029412
38 16 0.029412
55 16 0.029412
58 16 0.029412
59 16 0.029412
62 16 0.029412
64 16 0.029412
66 16 0.029412
68 16 0.029412
75 16 0.029412
80 16 0.029412
82 16 0.029412
107 16 0.029412
142 16 0.029412
152 16 0.029412
177 16 0.029412
185 16 0.029412
201 16 0.029412
205 16 0.029412
220 16 0.029412
232 16 0.029412
239 16 0.029412
267 16 0.029412
295 16 0.029412
417 16 0.029412
472 16 0.029412
480 16 0.029412
495 16 0.029412
19 17 0.029412
20 17 0.029412
26 17 0.029412
32 17 0.029412
37 17 0.029412
46 17 0.029412
53 17 0.029412
62 17 0.029412
63 17 0.029412
74 17 0.029412
80 17 0.029412
89 17 0.029412
90 17 0.029412
102 17 0.029412
105 17 0.029412
149 17 0.029412
223 17 0.029412
234 17 0.029412
278 17 0.029412
281 17 0.029412
298 17 0.029412
351 17 0.029412
354 17 0.029412
365 17 0.029412
371 17 0.029412
374 17 0.029412
412 17 0.029412
423 17 0.029412
489 17 0.029412
21 18 0.028571
27 18 0.028571
32 18 0.028571
34 18 0.028571
35 18 0.028571
42 18 0.028571
43 18 0.028571
55 18 0.028571
58 18 0.028571
60 18 0.028571
76 18 0.028571
84 18 0.028571
88 18 0.028571
97 18 0.028571
122 18 0.028571
128 18 0.028571
137 18 0.028571
143 18 0.028571
145 18 0.028571
157 18 0.028571
161 18 0.028571
185 18 0.028571
189 18 0.028571
191 18 0.028571
229 18 0.028571
244 18 0.028571
284 18 0.028571
357 18 0.028571
405 18 0.028571
482 18 0.028571
22 19 0.029412
25 19 0.029412
30 19 0.029412
33 19 0.029412
35 19 0.029412
65 19 0.029412
91 19 0.029412
103 19 0.029412
109 19 0.029412
111 19 0.029412
156 19 0.029412
159 19 0.029412
163 19 0.029412
192 19 0.029412
235 19 0.029412
269 19 0.029412
292 19 0.029412
306 19 0.029412
318 19 0.029412
347 19 0.029412
351 19 0.029412
365 19 0.029412
373 19 0.029412
383 19 0.029412
392 19 0.029412
412 19 0.029412
441 19 0.029412
469 19 0.029412
498 19 0.029412
23 20 0.03125
27 20 0.03125
28 20 0.03125
36 20 0.03125
44 20 0.03125
45 20 0.03125
86 20 0.03125
88 20 0.03125
116 20 0.03125
135 20 0.03125
139 20 0.03125
140 20 0.03125
142 20 0.03125
154 20 0.03125
162 20 0.03125
175 20 0.03125
194 20 0.03125
293 20 0.03125
301 20 0.03125
307 20 0.03125
316 20 0.03125
329 20 0.03125
339 20 0.03125
347 20 0.03125
380 20 0.03125
474 20 0.03125
489 20 0.03125
23 21 0.058824
52 21 0.058824
54 21 0.058824
68 21 0.058824
115 21 0.058824
237 21 0.058824
270 21 0.058824
275 21 0.058824
307 21 0.058824
332 21 0.058824
337 21 0.058824
431 21 0.058824
33 22 0.037037
36 22 0.037037
49 22 0.037037
88 22 0.037037
89 22 0.037037
99 22 0.037037
103 22 0.037037
108 22 0.037037
115 22 0.037037
173 22 0.037037
189 22 0.037037
200 22 0.037037
212 22 0.037037
228 22 0.037037
244 22 0.037037
273 22 0.037037
304 22 0.037037
391 22 0.037037
416 22 0.037037
438 22 0.037037
450 22 0.037037
452 22 0.037037
76 23 0.066667
113 23 0.066667
114 23 0.066667
181 23 0.066667
194 23 0.066667
200 23 0.066667
396 23 0.066667
431 23 0.066667
460 23 0.066667
494 23 0.066667
36 24 0.043478
51 24 0.043478
52 24 0.043478
98 24 0.043478
167 24 0.043478
192 24 0.043478
217 24 0.043478
250 24 0.043478
263 24 0.043478
273 24 0.043478
275 24 0.043478
312 24 0.043478
325 24 0.043478
335 24 0.043478
337 24 0.043478
402 24 0.043478
404 24 0.043478
413 24 0.043478
26 25 0.05
29 25 0.05
53 25 0.05
107 25 0.05
115 25 0.05
118 25 0.05
127 25 0.05
208 25 0.05
220 25 0.05
221 25 0.05
247 25 0.05
267 25 0.05
277 25 0.05
362 25 0.05
477 25 0.05
36 26 0.052632
40 26 0.052632
43 26 0.052632
55 26 0.052632
58 26 0.052632
76 26 0.052632
79 26 0.052632
122 26 0.052632
162 26 0.052632
202 26 0.052632
279 26 0.052632
301 26 0.052632
445 26 0.052632
497 26 0.052632
39 27 0.052632
63 27 0.052632
83 27 0.052632
116 27 0.052632
122 27 0.052632
132 27 0.052632
155 27 0.052632
172 27 0.052632
217 27 0.052632
226 27 0.052632
238 27 0.052632
309 27 0.052632
312 27 0.052632
406 27 0.052632
47 28 0.066667
104 28 0.066667
160 28 0.066667
203 28 0.066667
260 28 0.066667
265 28 0.066667
289 28 0.066667
354 28 0.066667
365 28 0.066667
420 28 0.066667
67 29 0.05
68 29 0.05
83 29 0.05
124 29 0.05
125 29 0.05
130 29 0.05
160 29 0.05
173 29 0.05
175 29 0.05
186 29 0.05
221 29 0.05
266 29 0.05
273 29 0.05
279 29 0.05
473 29 0.05
39 30 0.045455
52 30 0.045455
70 30 0.045455
74 30 0.045455
95 30 0.045455
97 30 0.045455
106 30 0.045455
117 30 0.045455
123 30 0.045455
169 30 0.045455
173 30 0.045455
196 30 0.045455
294 30 0.045455
366 30 0.045455
413 30 0.045455
448 30 0.045455
497 30 0.045455
41 31 0.045455
76 31 0.045455
102 31 0.045455
140 31 0.045455
178 31 0.045455
182 31 0.045455
202 31 0.045455
208 31 0.045455
212 31 0.045455
226 31 0.045455
234 31 0.045455
256 31 0.045455
374 31 0.045455
391 31 0.045455
399 31 0.045455
434 31 0.045455
485 31 0.045455
40 32 0.142857
127 32 0.142857
46 33 0.038462
54 33 0.038462
77 33 0.038462
103 33 0.038462
108 33 0.038462
122 33 0.038462
128 33 0.038462
131 33 0.038462
134 33 0.038462
212 33 0.038462
233 33 0.038462
349 33 0.038462
358 33 0.038462
419 33 0.038462
427 33 0.038462
453 33 0.038462
456 33 0.038462
458 33 0.038462
460 33 0.038462
461 33 0.038462
482 33 0.038462
59 34 0.058824
85 34 0.058824
176 34 0.058824
213 34 0.058824
223 34 0.058824
226 34 0.058824
303 34 0.058824
341 34 0.058824
406 34 0.058824
458 34 0.058824
463 34 0.058824
499 34 0.058824
94 35 0.111111
192 35 0.111111
322 35 0.111111
420 35 0.111111
48 36 0.0625
112 36 0.0625
139 36 0.0625
148 36 0.0625
222 36 0.0625
276 36 0.0625
334 36 0.0625
353 36 0.0625
358 36 0.0625
377 36 0.0625
382 36 0.0625
60 37 0.047619
71 37 0.047619
72 37 0.047619
89 37 0.047619
92 37 0.047619
98 37 0.047619
100 37 0.047619
109 37 0.047619
148 37 0.047619
155 37 0.047619
174 37 0.047619
202 37 0.047619
217 37 0.047619
233 37 0.047619
426 37 0.047619
472 37 0.047619
43 38 0.043478
80 38 0.043478
87 38 0.043478
111 38 0.043478
114 38 0.043478
117 38 0.043478
145 38 0.043478
156 38 0.043478
160 38 0.043478
170 38 0.043478
188 38 0.043478
225 38 0.043478
242 38 0.043478
280 38 0.043478
288 38 0.043478
297 38 0.043478
353 38 0.043478
421 38 0.043478
40 39 0.029412
42 39 0.029412
50 39 0.029412
56 39 0.029412
57 39 0.029412
59 39 0.029412
62 39 0.029412
79 39 0.029412
88 39 0.029412
99 39 0.029412
134 39 0.029412
143 39 0.029412
150 39 0.029412
152 39 0.029412
158 39 0.029412
161 39 0.029412
169 39 0.029412
184 39 0.029412
231 39 0.029412
239 39 0.029412
272 39 0.029412
320 39 0.029412
351 39 0.029412
366 39 0.029412
422 39 0.029412
441 39 0.029412
445 39 0.029412
455 39 0.029412
482 39 0.029412
41 40 0.090909
112 40 0.090909
186 40 0.090909
209 40 0.090909
250 40 0.090909
288 40 0.090909
77 41 0.058824
86 41 0.058824
188 41 0.058824
237 41 0.058824
247 41 0.058824
251 41 0.058824
273 41 0.058824
289 41 0.058824
335 41 0.058824
336 41 0.058824
343 41 0.058824
486 41 0.058824
44 42 0.083333
59 42 0.083333
276 42 0.083333
298 42 0.083333
328 42 0.083333
392 42 0.083333
435 42 0.083333
61 43 0.033333
62 43 0.033333
63 43 0.033333
69 43 0.033333
70 43 0.033333
108 43 0.033333
120 43 0.033333
125 43 0.033333
156 43 0.033333
181 43 0.033333
182 43 0.033333
202 43 0.033333
238 43 0.033333
274 43 0.033333
293 43 0.033333
303 43 0.033333
336 43 0.033333
347 43 0.033333
355 43 0.033333
357 43 0.033333
382 43 0.033333
418 43 0.033333
420 43 0.033333
440 43 0.033333
478 43 0.033333
48 44 0.090909
79 44 0.090909
211 44 0.090909
306 44 0.090909
454 44 0.090909
469 44 0.090909
73 45 0.047619
98 45 0.047619
103 45 0.047619
133 45 0.047619
189 45 0.047619
198 45 0.047619
222 45 0.047619
246 45 0.047619
253 45 0.047619
281 45 0.047619
288 45 0.047619
301 45 0.047619
316 45 0.047619
319 45 0.047619
440 45 0.047619
487 45 0.047619
47 46 0.035714
48 46 0.035714
54 46 0.035714
61 46 0.035714
66 46 0.035714
84 46 0.035714
110 46 0.035714
114 46 0.035714
118 46 0.035714
121 46 0.035714
125 46 0.035714
132 46 0.035714
137 46 0.035714
146 46 0.035714
160 46 0.035714
193 46 0.035714
225 46 0.035714
298 46 0.035714
300 46 0.035714
321 46 0.035714
367 46 0.035714
415 46 0.035714
420 46 0.035714
56 47 0.055556
87 47 0.055556
100 47 0.055556
112 47 0.055556
123 47 0.055556
125 47 0.055556
147 47 0.055556
199 47 0.055556
324 47 0.055556
334 47 0.055556
343 47 0.055556
386 47 0.055556
499 47 0.055556
54 48 0.0625
116 48 0.0625
172 48 0.0625
177 48 0.0625
180 48 0.0625
183 48 0.0625
222 48 0.0625
303 48 0.0625
320 48 0.0625
446 48 0.0625
485 48 0.0625
52 49 0.043478
69 49 0.043478
97 49 0.043478
106 49 0.043478
109 49 0.043478
113 49 0.043478
147 49 0.043478
168 49 0.043478
206 49 0.043478
210 49 0.043478
243 49 0.043478
262 49 0.043478
322 49 0.043478
329 49 0.043478
359 49 0.043478
377 49 0.043478
431 49 0.043478
475 49 0.043478
78 50 0.058824
96 50 0.058824
153 50 0.058824
165 50 0.058824
250 50 0.058824
260 50 0.058824
280 50 0.058824
299 50 0.058824
303 50 0.058824
328 50 0.058824
446 50 0.058824
490 50 0.058824
65 51 0.071429
74 51 0.071429
162 51 0.071429
206 51 0.071429
370 51 0.071429
389 51 0.071429
426 51 0.071429
433 51 0.071429
453 51 0.071429
56 52 0.047619
151 52 0.047619
168 52 0.047619
171 52 0.047619
173 52 0.047619
239 52 0.047619
252 52 0.047619
269 52 0.047619
307 52 0.047619
320 52 0.047619
376 52 0.047619
390 52 0.047619
464 52 0.047619
465 52 0.047619
468 52 0.047619
494 52 0.047619
70 53 0.090909
147 53 0.090909
249 53 0.090909
335 53 0.090909
360 53 0.090909
460 53 0.090909
57 54 0.052632
99 54 0.052632
104 54 0.052632
105 54 0.052632
121 54 0.052632
185 54 0.052632
214 54 0.052632
257 54 0.052632
274 54 0.052632
314 54 0.052632
369 54 0.052632
372 54 0.052632
423 54 0.052632
491 54 0.052632
86 55 0.058824
87 55 0.058824
107 55 0.058824
119 55 0.058824
138 55 0.058824
155 55 0.058824
182 55 0.058824
227 55 0.058824
251 55 0.058824
253 55 0.058824
347 55 0.058824
455 55 0.058824
58 56 0.066667
121 56 0.066667
192 56 0.066667
203 56 0.066667
212 56 0.066667
259 56 0.066667
281 56 0.066667
288 56 0.066667
348 56 0.066667
359 56 0.066667
90 57 0.090909
153 57 0.090909
171 57 0.090909
300 57 0.090909
345 57 0.090909
356 57 0.090909
158 58 0.142857
234 58 0.142857
64 59 0.052632
101 59 0.052632
115 59 0.052632
130 59 0.052632
184 59 0.052632
191 59 0.052632
221 59 0.052632
262 59 0.052632
285 59 0.052632
290 59 0.052632
296 59 0.052632
339 59 0.052632
371 59 0.052632
493 59 0.052632
69 60 0.0625
75 60 0.0625
81 60 0.0625
91 60 0.0625
93 60 0.0625
118 60 0.0625
123 60 0.0625
240 60 0.0625
269 60 0.0625
379 60 0.0625
454 60 0.0625
93 61 0.076923
119 61 0.076923
133 61 0.076923
155 61 0.076923
209 61 0.076923
278 61 0.076923
344 61 0.076923
481 61 0.076923
63 62 0.083333
64 62 0.083333
100 62 0.083333
103 62 0.083333
295 62 0.083333
346 62 0.083333
376 62 0.083333
78 63 0.1
174 63 0.1
261 63 0.1
275 63 0.1
360 63 0.1
138 64 0.125
409 64 0.125
490 64 0.125
102 65 0.04
119 65 0.04
127 65 0.04
132 65 0.04
150 65 0.04
213 65 0.04
214 65 0.04
220 65 0.04
240 65 0.04
251 65 0.04
257 65 0.04
258 65 0.04
261 65 0.04
271 65 0.04
343 65 0.04
402 65 0.04
410 65 0.04
432 65 0.04
444 65 0.04
493 65 0.04
74 66 0.071429
90 66 0.071429
108 66 0.071429
201 66 0.071429
218 66 0.071429
336 66 0.071429
418 66 0.071429
442 66 0.071429
490 66 0.071429
82 67 0.066667
104 67 0.066667
112 67 0.066667
134 67 0.066667
152 67 0.066667
161 67 0.066667
266 67 0.066667
353 67 0.066667
357 67 0.066667
404 67 0.066667
92 68 0.043478
110 68 0.043478
123 68 0.043478
128 68 0.043478
195 68 0.043478
204 68 0.043478
227 68 0.043478
232 68 0.043478
245 68 0.043478
255 68 0.043478
268 68 0.043478
292 68 0.043478
294 68 0.043478
320 68 0.043478
324 68 0.043478
375 68 0.043478
417 68 0.043478
428 68 0.043478
155 69 0.142857
306 69 0.142857
79 70 0.083333
162 70 0.083333
237 70 0.083333
330 70 0.083333
344 70 0.083333
408 70 0.083333
483 70 0.083333
78 71 0.066667
117 71 0.066667
129 71 0.066667
200 71 0.066667
235 71 0.066667
339 71 0.066667
359 71 0.066667
376 71 0.066667
388 71 0.066667
440 71 0.066667
75 72 0.052632
106 72 0.052632
153 72 0.052632
171 72 0.052632
184 72 0.052632
206 72 0.052632
218 72 0.052632
278 72 0.052632
296 72 0.052632
354 72 0.052632
413 72 0.052632
471 72 0.052632
483 72 0.052632
496 72 0.052632
92 73 0.076923
136 73 0.076923
137 73 0.076923
138 73 0.076923
220 73 0.076923
342 73 0.076923
375 73 0.076923
408 73 0.076923
96 74 0.111111
131 74 0.111111
291 74 0.111111
342 74 0.111111
93 75 0.055556
95 75 0.055556
101 75 0.055556
159 75 0.055556
164 75 0.055556
191 75 0.055556
243 75 0.055556
272 75 0.055556
313 75 0.055556
321 75 0.055556
322 75 0.055556
384 75 0.055556
451 75 0.055556
130 76 0.058824
141 76 0.058824
187 76 0.058824
286 76 0.058824
296 76 0.058824
315 76 0.058824
330 76 0.058824
345 76 0.058824
413 76 0.058824
436 76 0.058824
444 76 0.058824
468 76 0.058824
90 77 0.111111
144 77 0.111111
151 77 0.111111
472 77 0.111111
91 78 0.111111
135 78 0.111111
146 78 0.111111
159 78 0.111111
84 79 0.076923
106 79 0.076923
165 79 0.076923
176 79 0.076923
319 79 0.076923
323 79 0.076923
352 79 0.076923
387 79 0.076923
109 80 0.083333
195 80 0.083333
221 80 0.083333
282 80 0.083333
325 80 0.083333
334 80 0.083333
371 80 0.083333
85 81 0.090909
128 81 0.090909
246 81 0.090909
349 81 0.090909
398 81 0.090909
462 81 0.090909
119 82 0.05
149 82 0.05
177 82 0.05
203 82 0.05
205 82 0.05
213 82 0.05
230 82 0.05
236 82 0.05
242 82 0.05
292 82 0.05
293 82 0.05
332 82 0.05
385 82 0.05
411 82 0.05
474 82 0.05
113 83 0.076923
120 83 0.076923
129 83 0.076923
165 83 0.076923
201 83 0.076923
206 83 0.076923
216 83 0.076923
250 83 0.076923
87 84 0.043478
92 84 0.043478
96 84 0.043478
136 84 0.043478
146 84 0.043478
170 84 0.043478
184 84 0.043478
199 84 0.043478
211 84 0.043478
228 84 0.043478
259 84 0.043478
265 84 0.043478
333 84 0.043478
349 84 0.043478
374 84 0.043478
443 84 0.043478
449 84 0.043478
488 84 0.043478
113 85 0.111111
198 85 0.111111
386 85 0.111111
417 85 0.111111
131 86 0.066667
152 86 0.066667
168 86 0.066667
174 86 0.066667
209 86 0.066667
210 86 0.066667
246 86 0.066667
270 86 0.066667
386 86 0.066667
410 86 0.066667
96 87 0.058824
105 87 0.058824
123 87 0.058824
137 87 0.058824
175 87 0.058824
254 87 0.058824
260 87 0.058824
305 87 0.058824
317 87 0.058824
358 87 0.058824
373 87 0.058824
499 87 0.058824
118 88 0.111111
134 88 0.111111
222 88 0.111111
453 88 0.111111
102 89 0.142857
189 89 0.142857
99 90 0.1
315 90 0.1
362 90 0.1
374 90 0.1
431 90 0.1
144 91 0.125
190 91 0.125
370 91 0.125
187 92 0.058824
193 92 0.058824
250 92 0.058824
255 92 0.058824
262 92 0.058824
291 92 0.058824
310 92 0.058824
380 92 0.058824
409 92 0.058824
423 92 0.058824
426 92 0.058824
489 92 0.058824
116 93 0.083333
141 93 0.083333
181 93 0.083333
293 93 0.083333
302 93 0.083333
331 93 0.083333
377 93 0.083333
117 94 0.076923
120 94 0.076923
128 94 0.076923
258 94 0.076923
284 94 0.076923
286 94 0.076923
394 94 0.076923
432 94 0.076923
130 95 0.083333
145 95 0.083333
157 95 0.083333
166 95 0.083333
182 95 0.083333
197 95 0.083333
220 95 0.083333
184 96 0.125
208 96 0.125
272 96 0.125
170 97 0.125
269 97 0.125
349 97 0.125
245 98 0.111111
257 98 0.111111
326 98 0.111111
387 98 0.111111
133 99 0.052632
142 99 0.052632
169 99 0.052632
178 99 0.052632
183 99 0.052632
286 99 0.052632
383 99 0.052632
407 99 0.052632
427 99 0.052632
444 99 0.052632
457 99 0.052632
466 99 0.052632
467 99 0.052632
496 99 0.052632
143 100 0.125
149 100 0.125
255 100 0.125
331 101 0.166667
311 102 0.111111
329 102 0.111111
337 102 0.111111
467 102 0.111111
207 103 0.083333
225 103 0.083333
263 103 0.083333
286 103 0.083333
350 103 0.083333
357 103 0.083333
484 103 0.083333
117 104 0.142857
382 104 0.142857
124 105 0.055556
131 105 0.055556
138 105 0.055556
162 105 0.055556
214 105 0.055556
218 105 0.055556
253 105 0.055556
258 105 0.055556
264 105 0.055556
284 105 0.055556
300 105 0.055556
368 105 0.055556
435 105 0.055556
171 106 0.1
277 106 0.1
295 106 0.1
316 106 0.1
334 106 0.1
195 107 0.071429
205 107 0.071429
219 107 0.071429
237 107 0.071429
275 107 0.071429
287 107 0.071429
325 107 0.071429
366 107 0.071429
471 107 0.071429
146 108 0.076923
235 108 0.076923
245 108 0.076923
308 108 0.076923
349 108 0.076923
432 108 0.076923
458 108 0.076923
476 108 0.076923
110 109 0.058824
133 109 0.058824
143 109 0.058824
144 109 0.058824
149 109 0.058824
156 109 0.058824
259 109 0.058824
282 109 0.058824
317 109 0.058824
394 109 0.058824
484 109 0.058824
492 109 0.058824
134 110 0.111111
241 110 0.111111
254 110 0.111111
346 110 0.111111
188 111 0.083333
207 111 0.083333
209 111 0.083333
240 111 0.083333
378 111 0.083333
422 111 0.083333
486 111 0.083333
136 112 0.111111
158 112 0.111111
179 112 0.111111
229 112 0.111111
135 113 0.090909
196 113 0.090909
222 113 0.090909
249 113 0.090909
340 113 0.090909
414 113 0.090909
179 114 0.083333
190 114 0.083333
233 114 0.083333
256 114 0.083333
329 114 0.083333
374 114 0.083333
394 114 0.083333
258 115 0.076923
261 115 0.076923
272 115 0.076923
287 115 0.076923
304 115 0.076923
350 115 0.076923
477 115 0.076923
488 115 0.076923
124 116 0.083333
127 116 0.083333
163 116 0.083333
210 116 0.083333
213 116 0.083333
214 116 0.083333
391 116 0.083333
150 118 0.125
338 118 0.125
399 118 0.125
120 119 0.052632
152 119 0.052632
187 119 0.052632
216 119 0.052632
236 119 0.052632
261 119 0.052632
272 119 0.052632
308 119 0.052632
313 119 0.052632
344 119 0.052632
365 119 0.052632
411 119 0.052632
416 119 0.052632
489 119 0.052632
177 120 0.142857
232 120 0.142857
125 121 0.090909
126 121 0.090909
310 121 0.090909
390 121 0.090909
452 121 0.090909
494 121 0.090909
241 122 0.142857
242 122 0.142857
136 123 0.0625
157 123 0.0625
170 123 0.0625
174 123 0.0625
185 123 0.0625
279 123 0.0625
319 123 0.0625
363 123 0.0625
410 123 0.0625
424 123 0.0625
437 123 0.0625
137 124 0.083333
207 124 0.083333
294 124 0.083333
361 124 0.083333
448 124 0.083333
464 124 0.083333
480 124 0.083333
144 125 0.090909
186 125 0.090909
219 125 0.090909
251 125 0.090909
296 125 0.090909
352 125 0.090909
171 126 0.142857
360 126 0.142857
133 127 0.076923
212 127 0.076923
230 127 0.076923
257 127 0.076923
276 127 0.076923
307 127 0.076923
461 127 0.076923
464 127 0.076923
140 128 0.071429
147 128 0.071429
187 128 0.071429
231 128 0.071429
233 128 0.071429
248 128 0.071429
256 128 0.071429
284 128 0.071429
439 128 0.071429
151 129 0.1
154 129 0.1
397 129 0.1
446 129 0.1
477 129 0.1
165 130 0.1
167 130 0.1
219 130 0.1
327 130 0.1
488 130 0.1
135 131 0.111111
185 131 0.111111
424 131 0.111111
468 131 0.111111
338 132 0.142857
481 132 0.142857
139 133 0.125
215 133 0.125
421 133 0.125
139 134 0.076923
215 134 0.076923
271 134 0.076923
277 134 0.076923
312 134 0.076923
331 134 0.076923
397 134 0.076923
410 134 0.076923
182 135 0.1
188 135 0.1
213 135 0.1
285 135 0.1
484 135 0.1
280 136 0.142857
478 136 0.142857
138 137 0.111111
211 137 0.111111
215 137 0.111111
270 137 0.111111
150 138 0.090909
178 138 0.090909
208 138 0.090909
265 138 0.090909
311 138 0.090909
453 138 0.090909
145 139 0.058824
149 139 0.058824
165 139 0.058824
229 139 0.058824
279 139 0.058824
317 139 0.058824
328 139 0.058824
378 139 0.058824
400 139 0.058824
425 139 0.058824
446 139 0.058824
493 139 0.058824
166 140 0.090909
183 140 0.090909
186 140 0.090909
190 140 0.090909
309 140 0.090909
380 140 0.090909
477 141 0.166667
238 142 0.083333
243 142 0.083333
346 142 0.083333
381 142 0.083333
403 142 0.083333
476 142 0.083333
498 142 0.083333
204 143 0.1
218 143 0.1
263 143 0.1
445 143 0.1
479 143 0.1
161 144 0.05
164 144 0.05
198 144 0.05
211 144 0.05
273 144 0.05
294 144 0.05
310 144 0.05
312 144 0.05
314 144 0.05
357 144 0.05
388 144 0.05
411 144 0.05
415 144 0.05
433 144 0.05
448 144 0.05
183 145 0.142857
479 145 0.142857
167 146 0.1
308 146 0.1
392 146 0.1
427 146 0.1
475 146 0.1
187 147 0.166667
154 149 0.125
198 149 0.125
463 149 0.125
189 150 0.1
304 150 0.1
305 150 0.1
346 150 0.1
463 150 0.1
153 151 0.090909
159 151 0.090909
306 151 0.090909
310 151 0.090909
323 151 0.090909
326 151 0.090909
191 152 0.1
346 152 0.1
386 152 0.1
400 152 0.1
409 152 0.1
290 153 0.142857
429 153 0.142857
156 154 0.090909
294 154 0.090909
442 154 0.090909
459 154 0.090909
462 154 0.090909
492 154 0.090909
199 155 0.055556
202 155 0.055556
224 155 0.055556
236 155 0.055556
241 155 0.055556
263 155 0.055556
283 155 0.055556
404 155 0.055556
412 155 0.055556
419 155 0.055556
420 155 0.055556
428 155 0.055556
496 155 0.055556
210 156 0.076923
218 156 0.076923
300 156 0.076923
341 156 0.076923
405 156 0.076923
411 156 0.076923
462 156 0.076923
466 156 0.076923
238 157 0.111111
289 157 0.111111
364 157 0.111111
387 157 0.111111
160 158 0.1
169 158 0.1
298 158 0.1
330 158 0.1
430 158 0.1
373 159 0.166667
216 160 0.111111
228 160 0.111111
280 160 0.111111
375 160 0.111111
315 161 0.142857
355 161 0.142857
385 162 0.166667
335 163 0.166667
180 164 0.076923
247 164 0.076923
251 164 0.076923
295 164 0.076923
355 164 0.076923
429 164 0.076923
432 164 0.076923
469 164 0.076923
423 165 0.142857
497 165 0.142857
342 166 0.111111
381 166 0.111111
394 166 0.111111
422 166 0.111111
175 167 0.076923
203 167 0.076923
240 167 0.076923
275 167 0.076923
316 167 0.076923
358 167 0.076923
369 167 0.076923
400 167 0.076923
200 168 0.1
278 168 0.1
323 168 0.1
392 168 0.1
458 168 0.1
219 169 0.111111
236 169 0.111111
243 169 0.111111
487 169 0.111111
282 170 0.125
293 170 0.125
467 170 0.125
195 171 0.125
208 171 0.125
227 171 0.125
211 172 0.166667
175 173 0.111111
232 173 0.111111
258 173 0.111111
365 173 0.111111
309 174 0.125
318 174 0.125
322 174 0.125
254 175 0.083333
355 175 0.083333
376 175 0.083333
412 175 0.083333
440 175 0.083333
486 175 0.083333
495 175 0.083333
249 176 0.111111
283 176 0.111111
398 176 0.111111
427 176 0.111111
209 177 0.066667
248 177 0.066667
262 177 0.066667
271 177 0.066667
299 177 0.066667
377 177 0.066667
417 177 0.066667
459 177 0.066667
464 177 0.066667
470 177 0.066667
235 178 0.142857
306 178 0.142857
193 179 0.125
396 179 0.125
433 179 0.125
351 180 0.142857
455 180 0.142857
224 181 0.090909
299 181 0.090909
319 181 0.090909
358 181 0.090909
361 181 0.090909
413 181 0.090909
242 182 0.142857
350 182 0.142857
454 183 0.125
462 183 0.125
476 183 0.125
198 185 0.1
310 185 0.1
368 185 0.1
384 185 0.1
451 185 0.1
234 186 0.125
336 186 0.125
364 186 0.125
406 187 0.166667
341 188 0.142857
445 188 0.142857
264 189 0.142857
368 189 0.142857
379 190 0.166667
194 191 0.083333
239 191 0.083333
393 191 0.083333
465 191 0.083333
466 191 0.083333
486 191 0.083333
490 191 0.083333
229 192 0.111111
323 192 0.111111
388 192 0.111111
494 192 0.111111
317 193 0.111111
352 193 0.111111
385 193 0.111111
452 193 0.111111
362 194 0.111111
396 194 0.111111
445 194 0.111111
487 194 0.111111
422 195 0.142857
442 195 0.142857
348 196 0.166667
263 197 0.1
301 197 0.1
318 197 0.1
395 197 0.1
478 197 0.1
288 198 0.166667
283 199 0.166667
207 200 0.142857
266 200 0.142857
246 201 0.083333
261 201 0.083333
267 201 0.083333
315 201 0.083333
353 201 0.083333
397 201 0.083333
439 201 0.083333
243 203 0.125
401 203 0.125
405 203 0.125
228 204 0.1
255 204 0.1
290 204 0.1
313 204 0.1
320 204 0.1
217 206 0.090909
254 206 0.090909
318 206 0.090909
360 206 0.090909
435 206 0.090909
463 206 0.090909
343 207 0.166667
252 208 0.125
469 208 0.125
476 208 0.125
407 209 0.166667
324 210 0.111111
376 210 0.111111
384 210 0.111111
459 210 0.111111
369 211 0.142857
468 211 0.142857
219 212 0.1
290 212 0.1
369 212 0.1
426 212 0.1
478 212 0.1
229 213 0.125
260 213 0.125
385 213 0.125
224 214 0.111111
231 214 0.111111
393 214 0.111111
438 214 0.111111
228 215 0.142857
361 215 0.142857
370 216 0.166667
311 217 0.142857
401 217 0.142857
385 218 0.166667
324 219 0.166667
223 220 0.166667
277 221 0.125
402 221 0.125
452 221 0.125
227 222 0.090909
231 222 0.090909
249 222 0.090909
313 222 0.090909
350 222 0.090909
356 222 0.090909
248 223 0.142857
416 223 0.142857
254 224 0.111111
329 224 0.111111
333 224 0.111111
434 224 0.111111
268 225 0.1
287 225 0.1
356 225 0.1
381 225 0.1
465 225 0.1
230 226 0.142857
485 226 0.142857
289 227 0.125
327 227 0.125
407 227 0.125
287 228 0.142857
356 228 0.142857
284 229 0.142857
442 229 0.142857
232 230 0.090909
304 230 0.090909
381 230 0.090909
404 230 0.090909
431 230 0.090909
479 230 0.090909
341 231 0.111111
352 231 0.111111
472 231 0.111111
494 231 0.111111
290 232 0.142857
398 232 0.142857
259 234 0.142857
435 234 0.142857
269 235 0.142857
270 235 0.142857
348 236 0.142857
392 236 0.142857
304 237 0.142857
415 237 0.142857
401 240 0.166667
351 241 0.125
371 241 0.125
428 241 0.125
264 242 0.125
291 242 0.125
409 242 0.125
314 243 0.090909
391 243 0.090909
405 243 0.090909
425 243 0.090909
449 243 0.090909
475 243 0.090909
330 244 0.111111
331 244 0.111111
393 244 0.111111
395 244 0.111111
303 245 0.125
443 245 0.125
474 245 0.125
458 246 0.166667
363 247 0.142857
419 247 0.142857
339 248 0.142857
384 248 0.142857
285 250 0.166667
418 251 0.166667
443 252 0.142857
476 252 0.142857
399 253 0.142857
473 253 0.142857
311 254 0.166667
333 255 0.166667
364 256 0.142857
447 256 0.142857
309 257 0.142857
440 257 0.142857
291 258 0.142857
479 258 0.142857
266 259 0.1
305 259 0.1
345 259 0.1
363 259 0.1
450 259 0.1
366 262 0.166667
315 263 0.090909
387 263 0.090909
403 263 0.090909
474 263 0.090909
481 263 0.090909
498 263 0.090909
326 264 0.125
406 264 0.125
449 264 0.125
340 265 0.142857
473 265 0.142857
296 266 0.142857
375 266 0.142857
281 267 0.125
336 267 0.125
372 267 0.125
335 268 0.166667
302 269 0.142857
393 269 0.142857
439 270 0.166667
318 271 0.142857
470 271 0.142857
333 272 0.125
461 272 0.125
486 272 0.125
317 273 0.166667
386 274 0.166667
370 275 0.142857
389 275 0.142857
319 276 0.142857
373 276 0.142857
457 277 0.166667
375 279 0.142857
437 279 0.142857
312 280 0.142857
356 280 0.142857
382 282 0.125
432 282 0.125
456 282 0.125
292 284 0.142857
355 284 0.142857
497 285 0.166667
471 286 0.166667
333 287 0.166667
327 289 0.142857
353 289 0.142857
302 290 0.142857
305 290 0.142857
332 291 0.142857
470 291 0.142857
326 293 0.125
362 293 0.125
429 293 0.125
340 294 0.142857
369 294 0.142857
314 295 0.1
360 295 0.1
411 295 0.1
414 295 0.1
424 295 0.1
438 296 0.125
478 296 0.125
483 296 0.125
470 297 0.166667
316 298 0.142857
372 298 0.142857
447 299 0.142857
487 299 0.142857
424 300 0.142857
492 300 0.142857
332 301 0.142857
372 301 0.142857
308 302 0.142857
430 302 0.142857
443 304 0.142857
483 304 0.142857
448 308 0.142857
473 308 0.142857
354 310 0.142857
383 310 0.142857
359 311 0.111111
397 311 0.111111
399 311 0.111111
484 311 0.111111
485 312 0.166667
380 313 0.166667
443 314 0.166667
446 315 0.166667
373 317 0.142857
481 317 0.142857
323 318 0.142857
337 318 0.142857
377 319 0.166667
340 320 0.166667
470 321 0.166667
400 322 0.166667
345 324 0.166667
459 325 0.166667
400 328 0.125
401 328 0.125
414 328 0.125
434 329 0.166667
397 330 0.166667
363 332 0.166667
341 333 0.166667
363 336 0.125
407 336 0.125
437 336 0.125
366 337 0.166667
444 338 0.166667
343 339 0.166667
370 340 0.125
414 340 0.125
441 340 0.125
367 341 0.125
381 341 0.125
407 341 0.125
361 343 0.142857
416 343 0.142857
378 346 0.111111
383 346 0.111111
389 346 0.111111
390 346 0.111111
393 349 0.142857
430 349 0.142857
383 351 0.142857
406 351 0.142857
421 352 0.166667
398 353 0.142857
412 353 0.142857
367 354 0.142857
390 354 0.142857
480 355 0.166667
450 356 0.166667
491 358 0.166667
391 359 0.142857
493 359 0.142857
448 362 0.125
452 362 0.125
472 362 0.125
492 364 0.166667
427 367 0.142857
466 367 0.142857
436 368 0.142857
447 368 0.142857
433 373 0.166667
403 374 0.166667
394 375 0.142857
460 375 0.142857
382 376 0.166667
396 377 0.142857
408 377 0.142857
424 378 0.142857
474 378 0.142857
436 379 0.142857
477 379 0.142857
408 382 0.166667
395 387 0.166667
434 390 0.166667
479 392 0.166667
437 394 0.166667
482 397 0.166667
418 398 0.142857
498 398 0.142857
414 401 0.166667
495 402 0.166667
471 405 0.166667
428 406 0.166667
451 407 0.166667
433 409 0.166667
447 412 0.166667
499 414 0.166667
451 415 0.166667
484 417 0.166667
422 419 0.125
489 419 0.125
491 419 0.125
483 420 0.166667
453 423 0.142857
475 423 0.142857
493 424 0.166667
468 436 0.166667
482 442 0.166667
456 445 0.166667
491 446 0.166667
491 448 0.166667
480 455 0.166667
460 459 0.166667
488 470 0.166667
490 474 0.166667
492 480 0.166667
