0 5 0.019608
0 7 0.035714
0 9 0.022222
0 27 0.076923
0 30 0.0625
0 61 0.111111
0 67 0.090909
0 71 0.125
0 75 0.090909
0 82 0.125
0 83 0.111111
0 141 0.2
0 145 0.166667
0 180 0.2
0 193 0.2
1 5 0.019608
1 6 0.034483
1 8 0.028571
1 9 0.022222
1 10 0.030303
1 15 0.032258
1 18 0.034483
1 19 0.052632
1 21 0.1
1 23 0.1
1 29 0.066667
1 31 0.090909
1 34 0.125
1 38 0.0625
1 43 0.0625
1 45 0.1
1 49 0.076923
1 50 0.111111
1 54 0.090909
1 57 0.125
1 60 0.083333
1 72 0.1
1 73 0.111111
1 85 0.166667
1 94 0.125
1 97 0.166667
1 98 0.2
1 129 0.142857
1 130 0.142857
1 135 0.142857
1 148 0.2
1 153 0.2
1 173 0.166667
1 177 0.2
1 178 0.2
1 181 0.2
1 191 0.166667
2 5 0.019608
2 6 0.034483
2 12 0.045455
2 17 0.047619
2 19 0.052632
2 25 0.083333
2 30 0.0625
2 81 0.142857
2 98 0.2
2 102 0.2
2 193 0.2
3 5 0.019608
3 6 0.034483
3 7 0.035714
3 8 0.028571
3 11 0.05
3 12 0.045455
3 16 0.043478
3 20 0.045455
3 34 0.125
3 35 0.142857
3 47 0.083333
3 61 0.111111
3 65 0.1
3 66 0.125
3 67 0.090909
3 72 0.1
3 82 0.125
3 90 0.166667
3 140 0.111111
3 142 0.2
3 164 0.166667
3 172 0.2
3 176 0.2
3 179 0.166667
4 5 0.019608
4 6 0.034483
4 7 0.035714
4 9 0.022222
4 13 0.032258
4 15 0.032258
4 17 0.047619
4 18 0.034483
4 21 0.1
4 23 0.1
4 31 0.090909
4 37 0.0625
4 46 0.047619
4 53 0.142857
4 59 0.090909
4 73 0.111111
4 75 0.090909
4 80 0.166667
4 83 0.111111
4 85 0.166667
4 86 0.111111
4 88 0.142857
4 94 0.125
4 105 0.111111
4 107 0.2
4 139 0.125
4 141 0.2
4 150 0.166667
4 166 0.2
4 172 0.2
4 176 0.2
5 6 0.034483
5 7 0.035714
5 8 0.028571
5 10 0.030303
5 11 0.05
5 13 0.032258
5 16 0.043478
5 19 0.052632
5 20 0.045455
5 24 0.090909
5 25 0.083333
5 28 0.125
5 29 0.066667
5 30 0.0625
5 31 0.090909
5 32 0.142857
5 34 0.125
5 38 0.0625
5 41 0.125
5 45 0.1
5 47 0.083333
5 48 0.090909
5 51 0.125
5 52 0.1
5 53 0.142857
5 66 0.125
5 67 0.090909
5 72 0.1
5 77 0.125
5 91 0.142857
5 93 0.125
5 104 0.166667
5 108 0.166667
5 110 0.166667
5 111 0.166667
5 119 0.125
5 120 0.166667
5 124 0.166667
5 126 0.166667
5 132 0.2
5 136 0.2
5 144 0.142857
5 146 0.166667
5 157 0.2
5 166 0.2
5 174 0.2
6 7 0.035714
6 8 0.028571
6 9 0.022222
6 10 0.030303
6 13 0.032258
6 14 0.055556
6 20 0.045455
6 22 0.0625
6 24 0.090909
6 31 0.090909
6 39 0.043478
6 42 0.142857
6 44 0.142857
6 45 0.1
6 46 0.047619
6 49 0.076923
6 51 0.125
6 58 0.166667
6 68 0.111111
6 80 0.166667
6 100 0.142857
6 101 0.2
6 111 0.166667
6 121 0.142857
7 8 0.028571
7 9 0.022222
7 10 0.030303
7 11 0.05
7 12 0.045455
7 16 0.043478
7 17 0.047619
7 18 0.034483
7 24 0.090909
7 37 0.0625
7 40 0.125
7 51 0.125
7 67 0.090909
7 71 0.125
7 84 0.083333
7 126 0.166667
7 129 0.142857
7 147 0.166667
7 154 0.166667
7 157 0.2
7 158 0.142857
7 176 0.2
7 179 0.166667
8 11 0.05
8 12 0.045455
8 13 0.032258
8 14 0.055556
8 15 0.032258
8 16 0.043478
8 26 0.071429
8 31 0.090909
8 33 0.071429
8 41 0.125
8 45 0.1
8 49 0.076923
8 53 0.142857
8 63 0.142857
8 71 0.125
8 77 0.125
8 78 0.111111
8 93 0.125
8 95 0.1
8 99 0.1
8 101 0.2
8 104 0.166667
8 114 0.142857
8 121 0.142857
8 124 0.166667
8 142 0.2
8 163 0.2
8 169 0.2
8 180 0.2
8 194 0.2
9 10 0.030303
9 11 0.05
9 13 0.032258
9 14 0.055556
9 15 0.032258
9 17 0.047619
9 21 0.1
9 25 0.083333
9 28 0.125
9 29 0.066667
9 30 0.0625
9 32 0.142857
9 35 0.142857
9 42 0.142857
9 44 0.142857
9 56 0.125
9 65 0.1
9 69 0.166667
9 70 0.142857
9 73 0.111111
9 78 0.111111
9 81 0.142857
9 85 0.166667
9 86 0.111111
9 95 0.1
9 100 0.142857
9 106 0.166667
9 107 0.2
9 110 0.166667
9 111 0.166667
9 126 0.166667
9 129 0.142857
9 131 0.142857
9 143 0.2
9 151 0.142857
9 163 0.2
9 164 0.166667
9 178 0.2
9 186 0.2
9 190 0.2
10 12 0.045455
10 20 0.045455
10 21 0.1
10 28 0.125
10 29 0.066667
10 33 0.071429
10 35 0.142857
10 37 0.0625
10 39 0.043478
10 40 0.125
10 47 0.083333
10 50 0.111111
10 61 0.111111
10 64 0.166667
10 65 0.1
10 70 0.142857
10 72 0.1
10 79 0.111111
10 83 0.111111
10 89 0.142857
10 97 0.166667
10 127 0.166667
10 148 0.2
10 161 0.2
10 166 0.2
10 167 0.166667
10 168 0.2
10 181 0.2
11 22 0.0625
11 46 0.047619
11 55 0.083333
11 57 0.125
11 60 0.083333
11 68 0.111111
11 73 0.111111
11 95 0.1
11 96 0.166667
11 115 0.2
11 116 0.125
11 122 0.2
11 148 0.2
11 151 0.142857
11 154 0.166667
12 14 0.055556
12 15 0.032258
12 19 0.052632
12 24 0.090909
12 25 0.083333
12 32 0.142857
12 39 0.043478
12 49 0.076923
12 62 0.111111
12 66 0.125
12 77 0.125
12 81 0.142857
12 84 0.083333
12 87 0.1
12 94 0.125
12 164 0.166667
12 190 0.2
13 14 0.055556
13 17 0.047619
13 18 0.034483
13 22 0.0625
13 26 0.071429
13 27 0.076923
13 33 0.071429
13 34 0.125
13 38 0.0625
13 42 0.142857
13 48 0.090909
13 50 0.111111
13 57 0.125
13 64 0.166667
13 82 0.125
13 91 0.142857
13 126 0.166667
13 132 0.2
13 158 0.142857
13 159 0.2
13 168 0.2
13 170 0.2
13 172 0.2
13 179 0.166667
13 180 0.2
13 188 0.2
14 16 0.043478
14 18 0.034483
14 23 0.1
14 36 0.111111
14 38 0.0625
14 41 0.125
14 51 0.125
14 74 0.142857
14 81 0.142857
14 94 0.125
14 101 0.2
14 109 0.090909
14 192 0.2
15 24 0.090909
15 26 0.071429
15 27 0.076923
15 37 0.0625
15 43 0.0625
15 44 0.142857
15 50 0.111111
15 55 0.083333
15 56 0.125
15 60 0.083333
15 69 0.166667
15 71 0.125
15 76 0.125
15 89 0.142857
15 92 0.142857
15 105 0.111111
15 112 0.125
15 113 0.166667
15 114 0.142857
15 118 0.166667
15 140 0.111111
15 141 0.2
15 163 0.2
15 167 0.166667
15 183 0.2
15 194 0.2
16 22 0.0625
16 28 0.125
16 38 0.0625
16 55 0.083333
16 58 0.166667
16 59 0.090909
16 62 0.111111
16 64 0.166667
16 66 0.125
16 68 0.111111
16 75 0.090909
16 80 0.166667
16 82 0.125
16 107 0.2
16 142 0.2
16 152 0.166667
16 177 0.2
16 185 0.2
17 19 0.052632
17 20 0.045455
17 26 0.071429
17 32 0.142857
17 37 0.0625
17 46 0.047619
17 53 0.142857
17 62 0.111111
17 63 0.142857
17 74 0.142857
17 80 0.166667
17 89 0.142857
17 90 0.166667
17 102 0.2
17 105 0.111111
17 149 0.166667
18 21 0.1
18 27 0.076923
18 32 0.142857
18 34 0.125
18 35 0.142857
18 42 0.142857
18 43 0.0625
18 55 0.083333
18 58 0.166667
18 60 0.083333
18 76 0.125
18 84 0.083333
18 88 0.142857
18 97 0.166667
18 122 0.2
18 128 0.125
18 137 0.166667
18 143 0.2
18 145 0.166667
18 157 0.2
18 161 0.2
18 185 0.2
18 189 0.2
18 191 0.166667
19 22 0.0625
19 25 0.083333
19 30 0.0625
19 33 0.071429
19 35 0.142857
19 65 0.1
19 91 0.142857
19 103 0.2
19 109 0.090909
19 111 0.166667
19 156 0.2
19 159 0.2
19 163 0.2
19 192 0.2
20 23 0.1
20 27 0.076923
20 28 0.125
20 36 0.111111
20 44 0.142857
20 45 0.1
20 86 0.111111
20 88 0.142857
20 116 0.125
20 135 0.142857
20 139 0.125
20 140 0.111111
20 142 0.2
20 154 0.166667
20 162 0.2
20 175 0.2
20 194 0.2
21 23 0.1
21 52 0.1
21 54 0.090909
21 68 0.111111
21 115 0.2
22 33 0.071429
22 36 0.111111
22 49 0.076923
22 88 0.142857
22 89 0.142857
22 99 0.1
22 103 0.2
22 108 0.166667
22 115 0.2
22 173 0.166667
22 189 0.2
23 76 0.125
23 113 0.166667
23 114 0.142857
23 181 0.2
23 194 0.2
24 36 0.111111
24 51 0.125
24 52 0.1
24 98 0.2
24 167 0.166667
24 192 0.2
25 26 0.071429
25 29 0.066667
25 53 0.142857
25 107 0.2
25 115 0.2
25 118 0.166667
25 127 0.166667
26 36 0.111111
26 40 0.125
26 43 0.0625
26 55 0.083333
26 58 0.166667
26 76 0.125
26 79 0.111111
26 122 0.2
26 162 0.2
27 39 0.043478
27 63 0.142857
27 83 0.111111
27 116 0.125
27 122 0.2
27 132 0.2
27 155 0.2
27 172 0.2
28 47 0.083333
28 104 0.166667
28 160 0.2
29 67 0.090909
29 68 0.111111
29 83 0.111111
29 124 0.166667
29 125 0.142857
29 130 0.142857
29 160 0.2
29 173 0.166667
29 175 0.2
29 186 0.2
30 39 0.043478
30 52 0.1
30 70 0.142857
30 74 0.142857
30 95 0.1
30 97 0.166667
30 106 0.166667
30 117 0.2
30 123 0.1
30 169 0.2
30 173 0.166667
31 41 0.125
31 76 0.125
31 102 0.2
31 140 0.111111
31 178 0.2
31 182 0.2
32 40 0.125
32 127 0.166667
33 46 0.047619
33 54 0.090909
33 77 0.125
33 103 0.2
33 108 0.166667
33 122 0.2
33 128 0.125
33 131 0.142857
33 134 0.166667
34 59 0.090909
34 85 0.166667
34 176 0.2
35 94 0.125
35 192 0.2
36 48 0.090909
36 112 0.125
36 139 0.125
36 148 0.2
37 60 0.083333
37 71 0.125
37 72 0.1
37 89 0.142857
37 92 0.142857
37 98 0.2
37 100 0.142857
37 109 0.090909
37 148 0.2
37 155 0.2
37 174 0.2
38 43 0.0625
38 80 0.166667
38 87 0.1
38 111 0.166667
38 114 0.142857
38 117 0.2
38 145 0.166667
38 156 0.2
38 160 0.2
38 170 0.2
38 188 0.2
39 40 0.125
39 42 0.142857
39 50 0.111111
39 56 0.125
39 57 0.125
39 59 0.090909
39 62 0.111111
39 79 0.111111
39 88 0.142857
39 99 0.1
39 134 0.166667
39 143 0.2
39 150 0.166667
39 152 0.166667
39 158 0.142857
39 161 0.2
39 169 0.2
39 184 0.2
40 41 0.125
40 112 0.125
40 186 0.2
41 77 0.125
41 86 0.111111
41 188 0.2
42 44 0.142857
42 59 0.090909
43 61 0.111111
43 62 0.111111
43 63 0.142857
43 69 0.166667
43 70 0.142857
43 108 0.166667
43 120 0.166667
43 125 0.142857
43 156 0.2
43 181 0.2
43 182 0.2
44 48 0.090909
44 79 0.111111
45 73 0.111111
45 98 0.2
45 103 0.2
45 133 0.166667
45 189 0.2
46 47 0.083333
46 48 0.090909
46 54 0.090909
46 61 0.111111
46 66 0.125
46 84 0.083333
46 110 0.166667
46 114 0.142857
46 118 0.166667
46 121 0.142857
46 125 0.142857
46 132 0.2
46 137 0.166667
46 146 0.166667
46 160 0.2
46 193 0.2
47 56 0.125
47 87 0.1
47 100 0.142857
47 112 0.125
47 123 0.1
47 125 0.142857
47 147 0.166667
48 54 0.090909
48 116 0.125
48 172 0.2
48 177 0.2
48 180 0.2
48 183 0.2
49 52 0.1
49 69 0.166667
49 97 0.166667
49 106 0.166667
49 109 0.090909
49 113 0.166667
49 147 0.166667
49 168 0.2
50 78 0.111111
50 96 0.166667
50 153 0.2
50 165 0.2
51 65 0.1
51 74 0.142857
51 162 0.2
52 56 0.125
52 151 0.142857
52 168 0.2
52 171 0.2
52 173 0.166667
53 70 0.142857
53 147 0.166667
54 57 0.125
54 99 0.1
54 104 0.166667
54 105 0.111111
54 121 0.142857
54 185 0.2
55 86 0.111111
55 87 0.1
55 107 0.2
55 119 0.125
55 138 0.142857
55 155 0.2
55 182 0.2
56 58 0.166667
56 121 0.142857
56 192 0.2
57 90 0.166667
57 153 0.2
57 171 0.2
58 158 0.142857
59 64 0.166667
59 101 0.2
59 115 0.2
59 130 0.142857
59 184 0.2
59 191 0.166667
60 69 0.166667
60 75 0.090909
60 81 0.142857
60 91 0.142857
60 93 0.125
60 118 0.166667
60 123 0.1
61 93 0.125
61 119 0.125
61 133 0.166667
61 155 0.2
62 63 0.142857
62 64 0.166667
62 100 0.142857
62 103 0.2
63 78 0.111111
63 174 0.2
64 138 0.142857
65 102 0.2
65 119 0.125
65 127 0.166667
65 132 0.2
65 150 0.166667
66 74 0.142857
66 90 0.166667
66 108 0.166667
67 82 0.125
67 104 0.166667
67 112 0.125
67 134 0.166667
67 152 0.166667
67 161 0.2
68 92 0.142857
68 110 0.166667
68 123 0.1
68 128 0.125
69 155 0.2
70 79 0.111111
70 162 0.2
71 78 0.111111
71 117 0.2
71 129 0.142857
72 75 0.090909
72 106 0.166667
72 153 0.2
72 171 0.2
72 184 0.2
73 92 0.142857
73 136 0.2
73 137 0.166667
73 138 0.142857
74 96 0.166667
74 131 0.142857
75 93 0.125
75 95 0.1
75 101 0.2
75 159 0.2
75 164 0.166667
75 191 0.166667
76 130 0.142857
76 141 0.2
76 187 0.2
77 90 0.166667
77 144 0.142857
77 151 0.142857
78 91 0.142857
78 135 0.142857
78 146 0.166667
78 159 0.2
79 84 0.083333
79 106 0.166667
79 165 0.2
79 176 0.2
80 109 0.090909
81 85 0.166667
81 128 0.125
82 119 0.125
82 149 0.166667
82 177 0.2
83 113 0.166667
83 120 0.166667
83 129 0.142857
83 165 0.2
84 87 0.1
84 92 0.142857
84 96 0.166667
84 136 0.2
84 146 0.166667
84 170 0.2
84 184 0.2
85 113 0.166667
86 131 0.142857
86 152 0.166667
86 168 0.2
86 174 0.2
87 96 0.166667
87 105 0.111111
87 123 0.1
87 137 0.166667
87 175 0.2
88 118 0.166667
88 134 0.166667
89 102 0.2
89 189 0.2
90 99 0.1
91 144 0.142857
91 190 0.2
92 187 0.2
92 193 0.2
93 116 0.125
93 141 0.2
93 181 0.2
94 117 0.2
94 120 0.166667
94 128 0.125
95 130 0.142857
95 145 0.166667
95 157 0.2
95 166 0.2
95 182 0.2
96 184 0.2
97 170 0.2
99 133 0.166667
99 142 0.2
99 169 0.2
99 178 0.2
99 183 0.2
100 143 0.2
100 149 0.166667
104 117 0.2
105 124 0.166667
105 131 0.142857
105 138 0.142857
105 162 0.2
106 171 0.2
108 146 0.166667
109 110 0.166667
109 133 0.166667
109 143 0.2
109 144 0.142857
109 149 0.166667
109 156 0.2
110 134 0.166667
111 188 0.2
112 136 0.2
112 158 0.142857
112 179 0.166667
113 135 0.142857
114 179 0.166667
114 190 0.2
116 124 0.166667
116 127 0.166667
116 163 0.2
118 150 0.166667
119 120 0.166667
119 152 0.166667
119 187 0.2
120 177 0.2
121 125 0.142857
121 126 0.166667
123 136 0.2
123 157 0.2
123 170 0.2
123 174 0.2
123 185 0.2
124 137 0.166667
125 144 0.142857
125 186 0.2
126 171 0.2
127 133 0.166667
128 140 0.111111
128 147 0.166667
128 187 0.2
129 151 0.142857
129 154 0.166667
130 165 0.2
130 167 0.166667
131 135 0.142857
131 185 0.2
133 139 0.125
134 139 0.125
135 182 0.2
135 188 0.2
137 138 0.142857
138 150 0.166667
138 178 0.2
139 145 0.166667
139 149 0.166667
139 165 0.2
140 166 0.2
140 183 0.2
140 186 0.2
140 190 0.2
144 161 0.2
144 164 0.166667
145 183 0.2
146 167 0.166667
147 187 0.2
149 154 0.166667
150 189 0.2
151 153 0.2
151 159 0.2
152 191 0.166667
154 156 0.2
158 160 0.2
158 169 0.2
164 180 0.2
167 175 0.2
173 175 0.2
179 193 0.2
191 194 0.2
5 0 0.066667
7 0 0.066667
9 0 0.066667
27 0 0.066667
30 0 0.066667
61 0 0.066667
67 0 0.066667
71 0 0.066667
75 0 0.066667
82 0 0.066667
83 0 0.066667
141 0 0.066667
145 0 0.066667
180 0 0.066667
193 0 0.066667
5 1 0.027027
6 1 0.027027
8 1 0.027027
9 1 0.027027
10 1 0.027027
15 1 0.027027
18 1 0.027027
19 1 0.027027
21 1 0.027027
23 1 0.027027
29 1 0.027027
31 1 0.027027
34 1 0.027027
38 1 0.027027
43 1 0.027027
45 1 0.027027
49 1 0.027027
50 1 0.027027
54 1 0.027027
57 1 0.027027
60 1 0.027027
72 1 0.027027
73 1 0.027027
85 1 0.027027
94 1 0.027027
97 1 0.027027
98 1 0.027027
129 1 0.027027
130 1 0.027027
135 1 0.027027
148 1 0.027027
153 1 0.027027
173 1 0.027027
177 1 0.027027
178 1 0.027027
181 1 0.027027
191 1 0.027027
5 2 0.090909
6 2 0.090909
12 2 0.090909
17 2 0.090909
19 2 0.090909
25 2 0.090909
30 2 0.090909
81 2 0.090909
98 2 0.090909
102 2 0.090909
193 2 0.090909
5 3 0.041667
6 3 0.041667
7 3 0.041667
8 3 0.041667
11 3 0.041667
12 3 0.041667
16 3 0.041667
20 3 0.041667
34 3 0.041667
35 3 0.041667
47 3 0.041667
61 3 0.041667
65 3 0.041667
66 3 0.041667
67 3 0.041667
72 3 0.041667
82 3 0.041667
90 3 0.041667
140 3 0.041667
142 3 0.041667
164 3 0.041667
172 3 0.041667
176 3 0.041667
179 3 0.041667
5 4 0.032258
6 4 0.032258
7 4 0.032258
9 4 0.032258
13 4 0.032258
15 4 0.032258
17 4 0.032258
18 4 0.032258
21 4 0.032258
23 4 0.032258
31 4 0.032258
37 4 0.032258
46 4 0.032258
53 4 0.032258
59 4 0.032258
73 4 0.032258
75 4 0.032258
80 4 0.032258
83 4 0.032258
85 4 0.032258
86 4 0.032258
88 4 0.032258
94 4 0.032258
105 4 0.032258
107 4 0.032258
139 4 0.032258
141 4 0.032258
150 4 0.032258
166 4 0.032258
172 4 0.032258
176 4 0.032258
6 5 0.019608
7 5 0.019608
8 5 0.019608
10 5 0.019608
11 5 0.019608
13 5 0.019608
16 5 0.019608
19 5 0.019608
20 5 0.019608
24 5 0.019608
25 5 0.019608
28 5 0.019608
29 5 0.019608
30 5 0.019608
31 5 0.019608
32 5 0.019608
34 5 0.019608
38 5 0.019608
41 5 0.019608
45 5 0.019608
47 5 0.019608
48 5 0.019608
51 5 0.019608
52 5 0.019608
53 5 0.019608
66 5 0.019608
67 5 0.019608
72 5 0.019608
77 5 0.019608
91 5 0.019608
93 5 0.019608
104 5 0.019608
108 5 0.019608
110 5 0.019608
111 5 0.019608
119 5 0.019608
120 5 0.019608
124 5 0.019608
126 5 0.019608
132 5 0.019608
136 5 0.019608
144 5 0.019608
146 5 0.019608
157 5 0.019608
166 5 0.019608
174 5 0.019608
7 6 0.034483
8 6 0.034483
9 6 0.034483
10 6 0.034483
13 6 0.034483
14 6 0.034483
20 6 0.034483
22 6 0.034483
24 6 0.034483
31 6 0.034483
39 6 0.034483
42 6 0.034483
44 6 0.034483
45 6 0.034483
46 6 0.034483
49 6 0.034483
51 6 0.034483
58 6 0.034483
68 6 0.034483
80 6 0.034483
100 6 0.034483
101 6 0.034483
111 6 0.034483
121 6 0.034483
8 7 0.035714
9 7 0.035714
10 7 0.035714
11 7 0.035714
12 7 0.035714
16 7 0.035714
17 7 0.035714
18 7 0.035714
24 7 0.035714
37 7 0.035714
40 7 0.035714
51 7 0.035714
67 7 0.035714
71 7 0.035714
84 7 0.035714
126 7 0.035714
129 7 0.035714
147 7 0.035714
154 7 0.035714
157 7 0.035714
158 7 0.035714
176 7 0.035714
179 7 0.035714
11 8 0.028571
12 8 0.028571
13 8 0.028571
14 8 0.028571
15 8 0.028571
16 8 0.028571
26 8 0.028571
31 8 0.028571
33 8 0.028571
41 8 0.028571
45 8 0.028571
49 8 0.028571
53 8 0.028571
63 8 0.028571
71 8 0.028571
77 8 0.028571
78 8 0.028571
93 8 0.028571
95 8 0.028571
99 8 0.028571
101 8 0.028571
104 8 0.028571
114 8 0.028571
121 8 0.028571
124 8 0.028571
142 8 0.028571
163 8 0.028571
169 8 0.028571
180 8 0.028571
194 8 0.028571
10 9 0.022222
11 9 0.022222
13 9 0.022222
14 9 0.022222
15 9 0.022222
17 9 0.022222
21 9 0.022222
25 9 0.022222
28 9 0.022222
29 9 0.022222
30 9 0.022222
32 9 0.022222
35 9 0.022222
42 9 0.022222
44 9 0.022222
56 9 0.022222
65 9 0.022222
69 9 0.022222
70 9 0.022222
73 9 0.022222
78 9 0.022222
81 9 0.022222
85 9 0.022222
86 9 0.022222
95 9 0.022222
100 9 0.022222
106 9 0.022222
107 9 0.022222
110 9 0.022222
111 9 0.022222
126 9 0.022222
129 9 0.022222
131 9 0.022222
143 9 0.022222
151 9 0.022222
163 9 0.022222
164 9 0.022222
178 9 0.022222
186 9 0.022222
190 9 0.022222
12 10 0.030303
20 10 0.030303
21 10 0.030303
28 10 0.030303
29 10 0.030303
33 10 0.030303
35 10 0.030303
37 10 0.030303
39 10 0.030303
40 10 0.030303
47 10 0.030303
50 10 0.030303
61 10 0.030303
64 10 0.030303
65 10 0.030303
70 10 0.030303
72 10 0.030303
79 10 0.030303
83 10 0.030303
89 10 0.030303
97 10 0.030303
127 10 0.030303
148 10 0.030303
161 10 0.030303
166 10 0.030303
167 10 0.030303
168 10 0.030303
181 10 0.030303
22 11 0.05
46 11 0.05
55 11 0.05
57 11 0.05
60 11 0.05
68 11 0.05
73 11 0.05
95 11 0.05
96 11 0.05
115 11 0.05
116 11 0.05
122 11 0.05
148 11 0.05
151 11 0.05
154 11 0.05
14 12 0.045455
15 12 0.045455
19 12 0.045455
24 12 0.045455
25 12 0.045455
32 12 0.045455
39 12 0.045455
49 12 0.045455
62 12 0.045455
66 12 0.045455
77 12 0.045455
81 12 0.045455
84 12 0.045455
87 12 0.045455
94 12 0.045455
164 12 0.045455
190 12 0.045455
14 13 0.032258
17 13 0.032258
18 13 0.032258
22 13 0.032258
26 13 0.032258
27 13 0.032258
33 13 0.032258
34 13 0.032258
38 13 0.032258
42 13 0.032258
48 13 0.032258
50 13 0.032258
57 13 0.032258
64 13 0.032258
82 13 0.032258
91 13 0.032258
126 13 0.032258
132 13 0.032258
158 13 0.032258
159 13 0.032258
168 13 0.032258
170 13 0.032258
172 13 0.032258
179 13 0.032258
180 13 0.032258
188 13 0.032258
16 14 0.055556
18 14 0.055556
23 14 0.055556
36 14 0.055556
38 14 0.055556
41 14 0.055556
51 14 0.055556
74 14 0.055556
81 14 0.055556
94 14 0.055556
101 14 0.055556
109 14 0.055556
192 14 0.055556
24 15 0.032258
26 15 0.032258
27 15 0.032258
37 15 0.032258
43 15 0.032258
44 15 0.032258
50 15 0.032258
55 15 0.032258
56 15 0.032258
60 15 0.032258
69 15 0.032258
71 15 0.032258
76 15 0.032258
89 15 0.032258
92 15 0.032258
105 15 0.032258
112 15 0.032258
113 15 0.032258
114 15 0.032258
118 15 0.032258
140 15 0.032258
141 15 0.032258
163 15 0.032258
167 15 0.032258
183 15 0.032258
194 15 0.032258
22 16 0.043478
28 16 0.043478
38 16 0.043478
55 16 0.043478
58 16 0.043478
59 16 0.043478
62 16 0.043478
64 16 0.043478
66 16 0.043478
68 16 0.043478
75 16 0.043478
80 16 0.043478
82 16 0.043478
107 16 0.043478
142 16 0.043478
152 16 0.043478
177 16 0.043478
185 16 0.043478
19 17 0.047619
20 17 0.047619
26 17 0.047619
32 17 0.047619
37 17 0.047619
46 17 0.047619
53 17 0.047619
62 17 0.047619
63 17 0.047619
74 17 0.047619
80 17 0.047619
89 17 0.047619
90 17 0.047619
102 17 0.047619
105 17 0.047619
149 17 0.047619
21 18 0.034483
27 18 0.034483
32 18 0.034483
34 18 0.034483
35 18 0.034483
42 18 0.034483
43 18 0.034483
55 18 0.034483
58 18 0.034483
60 18 0.034483
76 18 0.034483
84 18 0.034483
88 18 0.034483
97 18 0.034483
122 18 0.034483
128 18 0.034483
137 18 0.034483
143 18 0.034483
145 18 0.034483
157 18 0.034483
161 18 0.034483
185 18 0.034483
189 18 0.034483
191 18 0.034483
22 19 0.052632
25 19 0.052632
30 19 0.052632
33 19 0.052632
35 19 0.052632
65 19 0.052632
91 19 0.052632
103 19 0.052632
109 19 0.052632
111 19 0.052632
156 19 0.052632
159 19 0.052632
163 19 0.052632
192 19 0.052632
23 20 0.045455
27 20 0.045455
28 20 0.045455
36 20 0.045455
44 20 0.045455
45 20 0.045455
86 20 0.045455
88 20 0.045455
116 20 0.045455
135 20 0.045455
139 20 0.045455
140 20 0.045455
142 20 0.045455
154 20 0.045455
162 20 0.045455
175 20 0.045455
194 20 0.045455
23 21 0.1
52 21 0.1
54 21 0.1
68 21 0.1
115 21 0.1
33 22 0.0625
36 22 0.0625
49 22 0.0625
88 22 0.0625
89 22 0.0625
99 22 0.0625
103 22 0.0625
108 22 0.0625
115 22 0.0625
173 22 0.0625
189 22 0.0625
76 23 0.1
113 23 0.1
114 23 0.1
181 23 0.1
194 23 0.1
36 24 0.090909
51 24 0.090909
52 24 0.090909
98 24 0.090909
167 24 0.090909
192 24 0.090909
26 25 0.083333
29 25 0.083333
53 25 0.083333
107 25 0.083333
115 25 0.083333
118 25 0.083333
127 25 0.083333
36 26 0.071429
40 26 0.071429
43 26 0.071429
55 26 0.071429
58 26 0.071429
76 26 0.071429
79 26 0.071429
122 26 0.071429
162 26 0.071429
39 27 0.076923
63 27 0.076923
83 27 0.076923
116 27 0.076923
122 27 0.076923
132 27 0.076923
155 27 0.076923
172 27 0.076923
47 28 0.125
104 28 0.125
160 28 0.125
67 29 0.066667
68 29 0.066667
83 29 0.066667
124 29 0.066667
125 29 0.066667
130 29 0.066667
160 29 0.066667
173 29 0.066667
175 29 0.066667
186 29 0.066667
39 30 0.0625
52 30 0.0625
70 30 0.0625
74 30 0.0625
95 30 0.0625
97 30 0.0625
106 30 0.0625
117 30 0.0625
123 30 0.0625
169 30 0.0625
173 30 0.0625
41 31 0.090909
76 31 0.090909
102 31 0.090909
140 31 0.090909
178 31 0.090909
182 31 0.090909
40 32 0.142857
127 32 0.142857
46 33 0.071429
54 33 0.071429
77 33 0.071429
103 33 0.071429
108 33 0.071429
122 33 0.071429
128 33 0.071429
131 33 0.071429
134 33 0.071429
59 34 0.125
85 34 0.125
176 34 0.125
94 35 0.142857
192 35 0.142857
48 36 0.111111
112 36 0.111111
139 36 0.111111
148 36 0.111111
60 37 0.0625
71 37 0.0625
72 37 0.0625
89 37 0.0625
92 37 0.0625
98 37 0.0625
100 37 0.0625
109 37 0.0625
148 37 0.0625
155 37 0.0625
174 37 0.0625
43 38 0.0625
80 38 0.0625
87 38 0.0625
111 38 0.0625
114 38 0.0625
117 38 0.0625
145 38 0.0625
156 38 0.0625
160 38 0.0625
170 38 0.0625
188 38 0.0625
40 39 0.043478
42 39 0.043478
50 39 0.043478
56 39 0.043478
57 39 0.043478
59 39 0.043478
62 39 0.043478
79 39 0.043478
88 39 0.043478
99 39 0.043478
134 39 0.043478
143 39 0.043478
150 39 0.043478
152 39 0.043478
158 39 0.043478
161 39 0.043478
169 39 0.043478
184 39 0.043478
41 40 0.125
112 40 0.125
186 40 0.125
77 41 0.125
86 41 0.125
188 41 0.125
44 42 0.142857
59 42 0.142857
61 43 0.0625
62 43 0.0625
63 43 0.0625
69 43 0.0625
70 43 0.0625
108 43 0.0625
120 43 0.0625
125 43 0.0625
156 43 0.0625
181 43 0.0625
182 43 0.0625
48 44 0.142857
79 44 0.142857
73 45 0.1
98 45 0.1
103 45 0.1
133 45 0.1
189 45 0.1
47 46 0.047619
48 46 0.047619
54 46 0.047619
61 46 0.047619
66 46 0.047619
84 46 0.047619
110 46 0.047619
114 46 0.047619
118 46 0.047619
121 46 0.047619
125 46 0.047619
132 46 0.047619
137 46 0.047619
146 46 0.047619
160 46 0.047619
193 46 0.047619
56 47 0.083333
87 47 0.083333
100 47 0.083333
112 47 0.083333
123 47 0.083333
125 47 0.083333
147 47 0.083333
54 48 0.090909
116 48 0.090909
172 48 0.090909
177 48 0.090909
180 48 0.090909
183 48 0.090909
52 49 0.076923
69 49 0.076923
97 49 0.076923
106 49 0.076923
109 49 0.076923
113 49 0.076923
147 49 0.076923
168 49 0.076923
78 50 0.111111
96 50 0.111111
153 50 0.111111
165 50 0.111111
65 51 0.125
74 51 0.125
162 51 0.125
56 52 0.1
151 52 0.1
168 52 0.1
171 52 0.1
173 52 0.1
70 53 0.142857
147 53 0.142857
57 54 0.090909
99 54 0.090909
104 54 0.090909
105 54 0.090909
121 54 0.090909
185 54 0.090909
86 55 0.083333
87 55 0.083333
107 55 0.083333
119 55 0.083333
138 55 0.083333
155 55 0.083333
182 55 0.083333
58 56 0.125
121 56 0.125
192 56 0.125
90 57 0.125
153 57 0.125
171 57 0.125
158 58 0.166667
64 59 0.090909
101 59 0.090909
115 59 0.090909
130 59 0.090909
184 59 0.090909
191 59 0.090909
69 60 0.083333
75 60 0.083333
81 60 0.083333
91 60 0.083333
93 60 0.083333
118 60 0.083333
123 60 0.083333
93 61 0.111111
119 61 0.111111
133 61 0.111111
155 61 0.111111
63 62 0.111111
64 62 0.111111
100 62 0.111111
103 62 0.111111
78 63 0.142857
174 63 0.142857
138 64 0.166667
102 65 0.1
119 65 0.1
127 65 0.1
132 65 0.1
150 65 0.1
74 66 0.125
90 66 0.125
108 66 0.125
82 67 0.090909
104 67 0.090909
112 67 0.090909
134 67 0.090909
152 67 0.090909
161 67 0.090909
92 68 0.111111
110 68 0.111111
123 68 0.111111
128 68 0.111111
155 69 0.166667
79 70 0.142857
162 70 0.142857
78 71 0.125
117 71 0.125
129 71 0.125
75 72 0.1
106 72 0.1
153 72 0.1
171 72 0.1
184 72 0.1
92 73 0.111111
136 73 0.111111
137 73 0.111111
138 73 0.111111
96 74 0.142857
131 74 0.142857
93 75 0.090909
95 75 0.090909
101 75 0.090909
159 75 0.090909
164 75 0.090909
191 75 0.090909
130 76 0.125
141 76 0.125
187 76 0.125
90 77 0.125
144 77 0.125
151 77 0.125
91 78 0.111111
135 78 0.111111
146 78 0.111111
159 78 0.111111
84 79 0.111111
106 79 0.111111
165 79 0.111111
176 79 0.111111
109 80 0.166667
85 81 0.142857
128 81 0.142857
119 82 0.125
149 82 0.125
177 82 0.125
113 83 0.111111
120 83 0.111111
129 83 0.111111
165 83 0.111111
87 84 0.083333
92 84 0.083333
96 84 0.083333
136 84 0.083333
146 84 0.083333
170 84 0.083333
184 84 0.083333
113 85 0.166667
131 86 0.111111
152 86 0.111111
168 86 0.111111
174 86 0.111111
96 87 0.1
105 87 0.1
123 87 0.1
137 87 0.1
175 87 0.1
118 88 0.142857
134 88 0.142857
102 89 0.142857
189 89 0.142857
99 90 0.166667
144 91 0.142857
190 91 0.142857
187 92 0.142857
193 92 0.142857
116 93 0.125
141 93 0.125
181 93 0.125
117 94 0.125
120 94 0.125
128 94 0.125
130 95 0.1
145 95 0.1
157 95 0.1
166 95 0.1
182 95 0.1
184 96 0.166667
170 97 0.166667
133 99 0.1
142 99 0.1
169 99 0.1
178 99 0.1
183 99 0.1
143 100 0.142857
149 100 0.142857
117 104 0.166667
124 105 0.111111
131 105 0.111111
138 105 0.111111
162 105 0.111111
171 106 0.166667
146 108 0.166667
110 109 0.090909
133 109 0.090909
143 109 0.090909
144 109 0.090909
149 109 0.090909
156 109 0.090909
134 110 0.166667
188 111 0.166667
136 112 0.125
158 112 0.125
179 112 0.125
135 113 0.166667
179 114 0.142857
190 114 0.142857
124 116 0.125
127 116 0.125
163 116 0.125
150 118 0.166667
120 119 0.125
152 119 0.125
187 119 0.125
177 120 0.166667
125 121 0.142857
126 121 0.142857
136 123 0.1
157 123 0.1
170 123 0.1
174 123 0.1
185 123 0.1
137 124 0.166667
144 125 0.142857
186 125 0.142857
171 126 0.166667
133 127 0.166667
140 128 0.125
147 128 0.125
187 128 0.125
151 129 0.142857
154 129 0.142857
165 130 0.142857
167 130 0.142857
135 131 0.142857
185 131 0.142857
139 133 0.166667
139 134 0.166667
182 135 0.142857
188 135 0.142857
138 137 0.166667
150 138 0.142857
178 138 0.142857
145 139 0.125
149 139 0.125
165 139 0.125
166 140 0.111111
183 140 0.111111
186 140 0.111111
190 140 0.111111
161 144 0.142857
164 144 0.142857
183 145 0.166667
167 146 0.166667
187 147 0.166667
154 149 0.166667
189 150 0.166667
153 151 0.142857
159 151 0.142857
191 152 0.166667
156 154 0.166667
160 158 0.142857
169 158 0.142857
180 164 0.166667
175 167 0.166667
175 173 0.166667
193 179 0.166667
194 191 0.166667
