0 5 0.015625
0 7 0.026316
0 9 0.019231
0 27 0.0625
0 30 0.055556
0 61 0.090909
0 67 0.083333
0 71 0.1
0 75 0.076923
0 82 0.0625
0 83 0.076923
0 141 0.2
0 145 0.166667
0 180 0.2
0 193 0.2
0 197 0.142857
0 285 0.2
1 5 0.015625
1 6 0.026316
1 8 0.022727
1 9 0.019231
1 10 0.023256
1 15 0.027027
1 18 0.03125
1 19 0.045455
1 21 0.076923
1 23 0.090909
1 29 0.052632
1 31 0.058824
1 34 0.083333
1 38 0.047619
1 43 0.047619
1 45 0.058824
1 49 0.058824
1 50 0.071429
1 54 0.071429
1 57 0.111111
1 60 0.071429
1 72 0.071429
1 73 0.1
1 85 0.142857
1 94 0.090909
1 97 0.142857
1 98 0.142857
1 129 0.142857
1 130 0.125
1 135 0.111111
1 148 0.2
1 153 0.166667
1 173 0.125
1 177 0.1
1 178 0.166667
1 181 0.142857
1 191 0.142857
1 199 0.166667
1 201 0.125
1 207 0.2
1 216 0.2
1 223 0.166667
1 231 0.2
1 241 0.2
1 271 0.2
1 285 0.2
2 5 0.015625
2 6 0.026316
2 12 0.033333
2 17 0.038462
2 19 0.045455
2 25 0.055556
2 30 0.055556
2 81 0.125
2 98 0.142857
2 102 0.2
2 193 0.2
2 201 0.125
2 252 0.2
2 302 0.2
3 5 0.015625
3 6 0.026316
3 7 0.026316
3 8 0.022727
3 11 0.043478
3 12 0.033333
3 16 0.033333
3 20 0.041667
3 34 0.083333
3 35 0.142857
3 47 0.076923
3 61 0.090909
3 65 0.052632
3 66 0.1
3 67 0.083333
3 72 0.071429
3 82 0.0625
3 90 0.166667
3 140 0.111111
3 142 0.142857
3 164 0.111111
3 172 0.166667
3 176 0.142857
3 179 0.166667
3 205 0.2
3 246 0.2
3 253 0.2
3 259 0.166667
3 267 0.166667
3 274 0.2
4 5 0.015625
4 6 0.026316
4 7 0.026316
4 9 0.019231
4 13 0.020408
4 15 0.027027
4 17 0.038462
4 18 0.03125
4 21 0.076923
4 23 0.090909
4 31 0.058824
4 37 0.052632
4 46 0.041667
4 53 0.125
4 59 0.0625
4 73 0.1
4 75 0.076923
4 80 0.111111
4 83 0.076923
4 85 0.142857
4 86 0.076923
4 88 0.125
4 94 0.090909
4 105 0.0625
4 107 0.090909
4 139 0.1
4 141 0.2
4 150 0.166667
4 166 0.2
4 172 0.166667
4 176 0.142857
4 217 0.2
4 230 0.166667
4 247 0.2
4 252 0.2
4 278 0.2
4 292 0.2
5 6 0.026316
5 7 0.026316
5 8 0.022727
5 10 0.023256
5 11 0.043478
5 13 0.020408
5 16 0.033333
5 19 0.045455
5 20 0.041667
5 24 0.0625
5 25 0.055556
5 28 0.083333
5 29 0.052632
5 30 0.055556
5 31 0.058824
5 32 0.142857
5 34 0.083333
5 38 0.047619
5 41 0.076923
5 45 0.058824
5 47 0.076923
5 48 0.076923
5 51 0.111111
5 52 0.076923
5 53 0.125
5 66 0.1
5 67 0.083333
5 72 0.071429
5 77 0.125
5 91 0.142857
5 93 0.1
5 104 0.166667
5 108 0.125
5 110 0.125
5 111 0.111111
5 119 0.083333
5 120 0.142857
5 124 0.125
5 126 0.166667
5 132 0.2
5 136 0.166667
5 144 0.090909
5 146 0.166667
5 157 0.142857
5 166 0.2
5 174 0.2
5 197 0.142857
5 204 0.125
5 205 0.2
5 241 0.2
5 249 0.2
5 255 0.2
5 264 0.2
5 268 0.2
5 279 0.2
5 280 0.2
5 282 0.2
5 286 0.2
5 287 0.2
6 7 0.026316
6 8 0.022727
6 9 0.019231
6 10 0.023256
6 13 0.020408
6 14 0.05
6 20 0.041667
6 22 0.047619
6 24 0.0625
6 31 0.058824
6 39 0.038462
6 42 0.111111
6 44 0.125
6 45 0.058824
6 46 0.041667
6 49 0.058824
6 51 0.111111
6 58 0.142857
6 68 0.055556
6 80 0.111111
6 100 0.125
6 101 0.2
6 111 0.111111
6 121 0.142857
6 195 0.2
6 196 0.2
6 221 0.166667
6 227 0.166667
6 237 0.2
6 244 0.2
6 257 0.2
6 271 0.2
6 297 0.2
7 8 0.022727
7 9 0.019231
7 10 0.023256
7 11 0.043478
7 12 0.033333
7 16 0.033333
7 17 0.038462
7 18 0.03125
7 24 0.0625
7 37 0.052632
7 40 0.090909
7 51 0.111111
7 67 0.083333
7 71 0.1
7 84 0.058824
7 126 0.166667
7 129 0.142857
7 147 0.166667
7 154 0.142857
7 157 0.142857
7 158 0.125
7 176 0.142857
7 179 0.166667
7 204 0.125
7 216 0.2
7 223 0.166667
7 230 0.166667
7 234 0.166667
7 244 0.2
7 248 0.2
7 260 0.2
7 274 0.2
7 276 0.2
8 11 0.043478
8 12 0.033333
8 13 0.020408
8 14 0.05
8 15 0.027027
8 16 0.033333
8 26 0.058824
8 31 0.058824
8 33 0.0625
8 41 0.076923
8 45 0.058824
8 49 0.058824
8 53 0.125
8 63 0.111111
8 71 0.1
8 77 0.125
8 78 0.111111
8 93 0.1
8 95 0.083333
8 99 0.090909
8 101 0.2
8 104 0.166667
8 114 0.111111
8 121 0.142857
8 124 0.125
8 142 0.142857
8 163 0.2
8 169 0.125
8 180 0.2
8 194 0.2
8 204 0.125
8 206 0.142857
8 214 0.142857
8 225 0.142857
8 235 0.142857
8 256 0.2
8 295 0.2
8 297 0.2
8 298 0.2
9 10 0.023256
9 11 0.043478
9 13 0.020408
9 14 0.05
9 15 0.027027
9 17 0.038462
9 21 0.076923
9 25 0.055556
9 28 0.083333
9 29 0.052632
9 30 0.055556
9 32 0.142857
9 35 0.142857
9 42 0.111111
9 44 0.125
9 56 0.076923
9 65 0.052632
9 69 0.166667
9 70 0.125
9 73 0.1
9 78 0.111111
9 81 0.125
9 85 0.142857
9 86 0.076923
9 95 0.083333
9 100 0.125
9 106 0.125
9 107 0.090909
9 110 0.125
9 111 0.111111
9 126 0.166667
9 129 0.142857
9 131 0.142857
9 143 0.125
9 151 0.142857
9 163 0.2
9 164 0.111111
9 178 0.166667
9 186 0.166667
9 190 0.2
9 196 0.2
9 210 0.2
9 215 0.166667
9 238 0.2
9 242 0.142857
9 256 0.2
9 270 0.2
10 12 0.033333
10 20 0.041667
10 21 0.076923
10 28 0.083333
10 29 0.052632
10 33 0.0625
10 35 0.142857
10 37 0.052632
10 39 0.038462
10 40 0.090909
10 47 0.076923
10 50 0.071429
10 61 0.090909
10 64 0.166667
10 65 0.052632
10 70 0.125
10 72 0.071429
10 79 0.111111
10 83 0.076923
10 89 0.142857
10 97 0.142857
10 127 0.1
10 148 0.2
10 161 0.2
10 166 0.2
10 167 0.111111
10 168 0.142857
10 181 0.142857
10 215 0.166667
10 240 0.2
10 245 0.166667
10 248 0.2
10 264 0.2
10 268 0.2
10 276 0.2
10 283 0.2
10 297 0.2
10 301 0.2
11 22 0.047619
11 46 0.041667
11 55 0.066667
11 57 0.111111
11 60 0.071429
11 68 0.055556
11 73 0.1
11 95 0.083333
11 96 0.125
11 115 0.111111
11 116 0.090909
11 122 0.142857
11 148 0.2
11 151 0.142857
11 154 0.142857
11 197 0.142857
11 199 0.166667
11 281 0.2
12 14 0.05
12 15 0.027027
12 19 0.045455
12 24 0.0625
12 25 0.055556
12 32 0.142857
12 39 0.038462
12 49 0.058824
12 62 0.1
12 66 0.1
12 77 0.125
12 81 0.125
12 84 0.058824
12 87 0.083333
12 94 0.090909
12 164 0.111111
12 190 0.2
12 196 0.2
12 226 0.166667
12 236 0.2
12 244 0.2
12 265 0.2
12 277 0.2
12 283 0.2
12 299 0.2
13 14 0.05
13 17 0.038462
13 18 0.03125
13 22 0.047619
13 26 0.058824
13 27 0.0625
13 33 0.0625
13 34 0.083333
13 38 0.047619
13 42 0.111111
13 48 0.076923
13 50 0.071429
13 57 0.111111
13 64 0.166667
13 82 0.0625
13 91 0.142857
13 126 0.166667
13 132 0.2
13 158 0.125
13 159 0.2
13 168 0.142857
13 170 0.142857
13 172 0.166667
13 179 0.166667
13 180 0.2
13 188 0.2
13 197 0.142857
13 203 0.166667
13 224 0.166667
13 226 0.166667
13 233 0.2
13 239 0.2
13 252 0.2
13 265 0.2
13 267 0.166667
13 268 0.2
13 274 0.2
13 282 0.2
13 289 0.2
13 291 0.2
13 297 0.2
13 299 0.2
13 300 0.2
13 302 0.2
14 16 0.033333
14 18 0.03125
14 23 0.090909
14 36 0.090909
14 38 0.047619
14 41 0.076923
14 51 0.111111
14 74 0.125
14 81 0.125
14 94 0.090909
14 101 0.2
14 109 0.076923
14 192 0.166667
14 225 0.142857
14 247 0.2
15 24 0.0625
15 26 0.058824
15 27 0.0625
15 37 0.052632
15 43 0.047619
15 44 0.125
15 50 0.071429
15 55 0.066667
15 56 0.076923
15 60 0.071429
15 69 0.166667
15 71 0.1
15 76 0.1
15 89 0.142857
15 92 0.090909
15 105 0.0625
15 112 0.111111
15 113 0.111111
15 114 0.111111
15 118 0.166667
15 140 0.111111
15 141 0.2
15 163 0.2
15 167 0.111111
15 183 0.2
15 194 0.2
15 200 0.142857
15 224 0.166667
15 245 0.166667
15 253 0.2
15 262 0.2
15 266 0.166667
16 22 0.047619
16 28 0.083333
16 38 0.047619
16 55 0.066667
16 58 0.142857
16 59 0.0625
16 62 0.1
16 64 0.166667
16 66 0.1
16 68 0.055556
16 75 0.076923
16 80 0.111111
16 82 0.0625
16 107 0.090909
16 142 0.142857
16 152 0.166667
16 177 0.1
16 185 0.166667
16 201 0.125
16 205 0.2
16 220 0.166667
16 232 0.166667
16 239 0.2
16 267 0.166667
16 295 0.2
17 19 0.045455
17 20 0.041667
17 26 0.058824
17 32 0.142857
17 37 0.052632
17 46 0.041667
17 53 0.125
17 62 0.1
17 63 0.111111
17 74 0.125
17 80 0.111111
17 89 0.142857
17 90 0.166667
17 102 0.2
17 105 0.0625
17 149 0.142857
17 223 0.166667
17 234 0.166667
17 278 0.2
17 281 0.2
17 298 0.2
18 21 0.076923
18 27 0.0625
18 32 0.142857
18 34 0.083333
18 35 0.142857
18 42 0.111111
18 43 0.047619
18 55 0.066667
18 58 0.142857
18 60 0.071429
18 76 0.1
18 84 0.058824
18 88 0.125
18 97 0.142857
18 122 0.142857
18 128 0.076923
18 137 0.111111
18 143 0.125
18 145 0.166667
18 157 0.142857
18 161 0.2
18 185 0.166667
18 189 0.166667
18 191 0.142857
18 229 0.166667
18 244 0.2
18 284 0.166667
19 22 0.047619
19 25 0.055556
19 30 0.055556
19 33 0.0625
19 35 0.142857
19 65 0.052632
19 91 0.142857
19 103 0.111111
19 109 0.076923
19 111 0.111111
19 156 0.125
19 159 0.2
19 163 0.2
19 192 0.166667
19 235 0.142857
19 269 0.166667
19 292 0.2
20 23 0.090909
20 27 0.0625
20 28 0.083333
20 36 0.090909
20 44 0.125
20 45 0.058824
20 86 0.076923
20 88 0.125
20 116 0.090909
20 135 0.111111
20 139 0.1
20 140 0.111111
20 142 0.142857
20 154 0.142857
20 162 0.2
20 175 0.166667
20 194 0.2
20 293 0.2
20 301 0.2
21 23 0.090909
21 52 0.076923
21 54 0.071429
21 68 0.055556
21 115 0.111111
21 237 0.2
21 270 0.2
21 275 0.2
22 33 0.0625
22 36 0.090909
22 49 0.058824
22 88 0.125
22 89 0.142857
22 99 0.090909
22 103 0.111111
22 108 0.125
22 115 0.111111
22 173 0.125
22 189 0.166667
22 200 0.142857
22 212 0.142857
22 228 0.166667
22 244 0.2
22 273 0.2
23 76 0.1
23 113 0.111111
23 114 0.111111
23 181 0.142857
23 194 0.2
23 200 0.142857
24 36 0.090909
24 51 0.111111
24 52 0.076923
24 98 0.142857
24 167 0.111111
24 192 0.166667
24 217 0.2
24 250 0.166667
24 263 0.2
24 273 0.2
24 275 0.2
25 26 0.058824
25 29 0.052632
25 53 0.125
25 107 0.090909
25 115 0.111111
25 118 0.166667
25 127 0.1
25 208 0.166667
25 220 0.166667
25 221 0.166667
25 247 0.2
25 267 0.166667
25 277 0.2
26 36 0.090909
26 40 0.090909
26 43 0.047619
26 55 0.066667
26 58 0.142857
26 76 0.1
26 79 0.111111
26 122 0.142857
26 162 0.2
26 202 0.2
26 279 0.2
26 301 0.2
27 39 0.038462
27 63 0.111111
27 83 0.076923
27 116 0.090909
27 122 0.142857
27 132 0.2
27 155 0.083333
27 172 0.166667
27 217 0.2
27 226 0.166667
27 238 0.2
28 47 0.076923
28 104 0.166667
28 160 0.125
28 203 0.166667
28 260 0.2
28 265 0.2
28 289 0.2
29 67 0.083333
29 68 0.055556
29 83 0.076923
29 124 0.125
29 125 0.1
29 130 0.125
29 160 0.125
29 173 0.125
29 175 0.166667
29 186 0.166667
29 221 0.166667
29 266 0.166667
29 273 0.2
29 279 0.2
30 39 0.038462
30 52 0.076923
30 70 0.125
30 74 0.125
30 95 0.083333
30 97 0.142857
30 106 0.125
30 117 0.2
30 123 0.090909
30 169 0.125
30 173 0.125
30 196 0.2
30 294 0.2
31 41 0.076923
31 76 0.1
31 102 0.2
31 140 0.111111
31 178 0.166667
31 182 0.166667
31 202 0.2
31 208 0.166667
31 212 0.142857
31 226 0.166667
31 234 0.166667
31 256 0.2
32 40 0.090909
32 127 0.1
33 46 0.041667
33 54 0.071429
33 77 0.125
33 103 0.111111
33 108 0.125
33 122 0.142857
33 128 0.076923
33 131 0.142857
33 134 0.111111
33 212 0.142857
33 233 0.2
34 59 0.0625
34 85 0.142857
34 176 0.142857
34 213 0.142857
34 223 0.166667
34 226 0.166667
34 303 0.2
35 94 0.090909
35 192 0.166667
36 48 0.076923
36 112 0.111111
36 139 0.1
36 148 0.2
36 222 0.125
36 276 0.2
37 60 0.071429
37 71 0.1
37 72 0.071429
37 89 0.142857
37 92 0.090909
37 98 0.142857
37 100 0.125
37 109 0.076923
37 148 0.2
37 155 0.083333
37 174 0.2
37 202 0.2
37 217 0.2
37 233 0.2
38 43 0.047619
38 80 0.111111
38 87 0.083333
38 111 0.111111
38 114 0.111111
38 117 0.2
38 145 0.166667
38 156 0.125
38 160 0.125
38 170 0.142857
38 188 0.2
38 225 0.142857
38 242 0.142857
38 280 0.2
38 288 0.2
38 297 0.2
39 40 0.090909
39 42 0.111111
39 50 0.071429
39 56 0.076923
39 57 0.111111
39 59 0.0625
39 62 0.1
39 79 0.111111
39 88 0.125
39 99 0.090909
39 134 0.111111
39 143 0.125
39 150 0.166667
39 152 0.166667
39 158 0.125
39 161 0.2
39 169 0.125
39 184 0.2
39 231 0.2
39 239 0.2
39 272 0.2
40 41 0.076923
40 112 0.111111
40 186 0.166667
40 209 0.2
40 250 0.166667
40 288 0.2
41 77 0.125
41 86 0.076923
41 188 0.2
41 237 0.2
41 247 0.2
41 251 0.2
41 273 0.2
41 289 0.2
42 44 0.125
42 59 0.0625
42 276 0.2
42 298 0.2
43 61 0.090909
43 62 0.1
43 63 0.111111
43 69 0.166667
43 70 0.125
43 108 0.125
43 120 0.142857
43 125 0.1
43 156 0.125
43 181 0.142857
43 182 0.166667
43 202 0.2
43 238 0.2
43 274 0.2
43 293 0.2
43 303 0.2
44 48 0.076923
44 79 0.111111
44 211 0.2
45 73 0.1
45 98 0.142857
45 103 0.111111
45 133 0.142857
45 189 0.166667
45 198 0.166667
45 222 0.125
45 246 0.2
45 253 0.2
45 281 0.2
45 288 0.2
45 301 0.2
46 47 0.076923
46 48 0.076923
46 54 0.071429
46 61 0.090909
46 66 0.1
46 84 0.058824
46 110 0.125
46 114 0.111111
46 118 0.166667
46 121 0.142857
46 125 0.1
46 132 0.2
46 137 0.111111
46 146 0.166667
46 160 0.125
46 193 0.2
46 225 0.142857
46 298 0.2
46 300 0.2
47 56 0.076923
47 87 0.083333
47 100 0.125
47 112 0.111111
47 123 0.090909
47 125 0.1
47 147 0.166667
47 199 0.166667
48 54 0.071429
48 116 0.090909
48 172 0.166667
48 177 0.1
48 180 0.2
48 183 0.2
48 222 0.125
48 303 0.2
49 52 0.076923
49 69 0.166667
49 97 0.142857
49 106 0.125
49 109 0.076923
49 113 0.111111
49 147 0.166667
49 168 0.142857
49 206 0.142857
49 210 0.2
49 243 0.2
49 262 0.2
50 78 0.111111
50 96 0.125
50 153 0.166667
50 165 0.2
50 250 0.166667
50 260 0.2
50 280 0.2
50 299 0.2
50 303 0.2
51 65 0.052632
51 74 0.125
51 162 0.2
51 206 0.142857
52 56 0.076923
52 151 0.142857
52 168 0.142857
52 171 0.125
52 173 0.125
52 239 0.2
52 252 0.2
52 269 0.166667
53 70 0.125
53 147 0.166667
53 249 0.2
54 57 0.111111
54 99 0.090909
54 104 0.166667
54 105 0.0625
54 121 0.142857
54 185 0.166667
54 214 0.142857
54 257 0.2
54 274 0.2
55 86 0.076923
55 87 0.083333
55 107 0.090909
55 119 0.083333
55 138 0.111111
55 155 0.083333
55 182 0.166667
55 227 0.166667
55 251 0.2
55 253 0.2
56 58 0.142857
56 121 0.142857
56 192 0.166667
56 203 0.166667
56 212 0.142857
56 259 0.166667
56 281 0.2
56 288 0.2
57 90 0.166667
57 153 0.166667
57 171 0.125
57 300 0.2
58 158 0.125
58 234 0.166667
59 64 0.166667
59 101 0.2
59 115 0.111111
59 130 0.125
59 184 0.2
59 191 0.142857
59 221 0.166667
59 262 0.2
59 285 0.2
59 290 0.166667
59 296 0.2
60 69 0.166667
60 75 0.076923
60 81 0.125
60 91 0.142857
60 93 0.1
60 118 0.166667
60 123 0.090909
60 240 0.2
60 269 0.166667
61 93 0.1
61 119 0.083333
61 133 0.142857
61 155 0.083333
61 209 0.2
61 278 0.2
62 63 0.111111
62 64 0.166667
62 100 0.125
62 103 0.111111
62 295 0.2
63 78 0.111111
63 174 0.2
63 261 0.2
63 275 0.2
64 138 0.111111
65 102 0.2
65 119 0.083333
65 127 0.1
65 132 0.2
65 150 0.166667
65 213 0.142857
65 214 0.142857
65 220 0.166667
65 240 0.2
65 251 0.2
65 257 0.2
65 258 0.166667
65 261 0.2
65 271 0.2
66 74 0.125
66 90 0.166667
66 108 0.125
66 201 0.125
66 218 0.2
67 82 0.0625
67 104 0.166667
67 112 0.111111
67 134 0.111111
67 152 0.166667
67 161 0.2
67 266 0.166667
68 92 0.090909
68 110 0.125
68 123 0.090909
68 128 0.076923
68 195 0.2
68 204 0.125
68 227 0.166667
68 232 0.166667
68 245 0.166667
68 255 0.2
68 268 0.2
68 292 0.2
68 294 0.2
69 155 0.083333
70 79 0.111111
70 162 0.2
70 237 0.2
71 78 0.111111
71 117 0.2
71 129 0.142857
71 200 0.142857
71 235 0.142857
72 75 0.076923
72 106 0.125
72 153 0.166667
72 171 0.125
72 184 0.2
72 206 0.142857
72 218 0.2
72 278 0.2
72 296 0.2
73 92 0.090909
73 136 0.166667
73 137 0.111111
73 138 0.111111
73 220 0.166667
74 96 0.125
74 131 0.142857
74 291 0.2
75 93 0.1
75 95 0.083333
75 101 0.2
75 159 0.2
75 164 0.111111
75 191 0.142857
75 243 0.2
75 272 0.2
76 130 0.125
76 141 0.2
76 187 0.2
76 286 0.2
76 296 0.2
77 90 0.166667
77 144 0.090909
77 151 0.142857
78 91 0.142857
78 135 0.111111
78 146 0.166667
78 159 0.2
79 84 0.058824
79 106 0.125
79 165 0.2
79 176 0.142857
80 109 0.076923
80 195 0.2
80 221 0.166667
80 282 0.2
81 85 0.142857
81 128 0.076923
81 246 0.2
82 119 0.083333
82 149 0.142857
82 177 0.1
82 203 0.166667
82 205 0.2
82 213 0.142857
82 230 0.166667
82 236 0.2
82 242 0.142857
82 292 0.2
82 293 0.2
83 113 0.111111
83 120 0.142857
83 129 0.142857
83 165 0.2
83 201 0.125
83 206 0.142857
83 216 0.2
83 250 0.166667
84 87 0.083333
84 92 0.090909
84 96 0.125
84 136 0.166667
84 146 0.166667
84 170 0.142857
84 184 0.2
84 199 0.166667
84 211 0.2
84 228 0.166667
84 259 0.166667
84 265 0.2
85 113 0.111111
85 198 0.166667
86 131 0.142857
86 152 0.166667
86 168 0.142857
86 174 0.2
86 209 0.2
86 210 0.2
86 246 0.2
86 270 0.2
87 96 0.125
87 105 0.0625
87 123 0.090909
87 137 0.111111
87 175 0.166667
87 254 0.2
87 260 0.2
88 118 0.166667
88 134 0.111111
88 222 0.125
89 102 0.2
89 189 0.166667
90 99 0.090909
91 144 0.090909
91 190 0.2
92 187 0.2
92 193 0.2
92 250 0.166667
92 255 0.2
92 262 0.2
92 291 0.2
93 116 0.090909
93 141 0.2
93 181 0.142857
93 293 0.2
93 302 0.2
94 117 0.2
94 120 0.142857
94 128 0.076923
94 258 0.166667
94 284 0.166667
94 286 0.2
95 130 0.125
95 145 0.166667
95 157 0.142857
95 166 0.2
95 182 0.166667
95 197 0.142857
95 220 0.166667
96 184 0.2
96 208 0.166667
96 272 0.2
97 170 0.142857
97 269 0.166667
98 245 0.166667
98 257 0.2
99 133 0.142857
99 142 0.142857
99 169 0.125
99 178 0.166667
99 183 0.2
99 286 0.2
100 143 0.125
100 149 0.142857
100 255 0.2
103 207 0.2
103 225 0.142857
103 263 0.2
103 286 0.2
104 117 0.2
105 124 0.125
105 131 0.142857
105 138 0.111111
105 162 0.2
105 214 0.142857
105 218 0.2
105 253 0.2
105 258 0.166667
105 264 0.2
105 284 0.166667
105 300 0.2
106 171 0.125
106 277 0.2
106 295 0.2
107 195 0.2
107 205 0.2
107 219 0.2
107 237 0.2
107 275 0.2
107 287 0.2
108 146 0.166667
108 235 0.142857
108 245 0.166667
109 110 0.125
109 133 0.142857
109 143 0.125
109 144 0.090909
109 149 0.142857
109 156 0.125
109 259 0.166667
109 282 0.2
110 134 0.111111
110 241 0.2
110 254 0.2
111 188 0.2
111 207 0.2
111 209 0.2
111 240 0.2
112 136 0.166667
112 158 0.125
112 179 0.166667
112 229 0.166667
113 135 0.111111
113 196 0.2
113 222 0.125
113 249 0.2
114 179 0.166667
114 190 0.2
114 233 0.2
114 256 0.2
115 258 0.166667
115 261 0.2
115 272 0.2
115 287 0.2
116 124 0.125
116 127 0.1
116 163 0.2
116 210 0.2
116 213 0.142857
116 214 0.142857
118 150 0.166667
119 120 0.142857
119 152 0.166667
119 187 0.2
119 216 0.2
119 236 0.2
119 261 0.2
119 272 0.2
120 177 0.1
120 232 0.166667
121 125 0.1
121 126 0.166667
122 241 0.2
122 242 0.142857
123 136 0.166667
123 157 0.142857
123 170 0.142857
123 174 0.2
123 185 0.166667
123 279 0.2
124 137 0.111111
124 207 0.2
124 294 0.2
125 144 0.090909
125 186 0.166667
125 219 0.2
125 251 0.2
125 296 0.2
126 171 0.125
127 133 0.142857
127 212 0.142857
127 230 0.166667
127 257 0.2
127 276 0.2
128 140 0.111111
128 147 0.166667
128 187 0.2
128 231 0.2
128 233 0.2
128 248 0.2
128 256 0.2
128 284 0.166667
129 151 0.142857
129 154 0.142857
130 165 0.2
130 167 0.111111
130 219 0.2
131 135 0.111111
131 185 0.166667
133 139 0.1
133 215 0.166667
134 139 0.1
134 215 0.166667
134 271 0.2
134 277 0.2
135 182 0.166667
135 188 0.2
135 213 0.142857
135 285 0.2
136 280 0.2
137 138 0.111111
137 211 0.2
137 215 0.166667
137 270 0.2
138 150 0.166667
138 178 0.166667
138 208 0.166667
138 265 0.2
139 145 0.166667
139 149 0.142857
139 165 0.2
139 229 0.166667
139 279 0.2
140 166 0.2
140 183 0.2
140 186 0.166667
140 190 0.2
142 238 0.2
142 243 0.2
143 204 0.125
143 218 0.2
143 263 0.2
144 161 0.2
144 164 0.111111
144 198 0.166667
144 211 0.2
144 273 0.2
144 294 0.2
145 183 0.2
146 167 0.111111
147 187 0.2
149 154 0.142857
149 198 0.166667
150 189 0.166667
151 153 0.166667
151 159 0.2
152 191 0.142857
153 290 0.166667
154 156 0.125
154 294 0.2
155 199 0.166667
155 202 0.2
155 224 0.166667
155 236 0.2
155 241 0.2
155 263 0.2
155 283 0.2
156 210 0.2
156 218 0.2
156 300 0.2
157 238 0.2
157 289 0.2
158 160 0.125
158 169 0.125
158 298 0.2
160 216 0.2
160 228 0.166667
160 280 0.2
164 180 0.2
164 247 0.2
164 251 0.2
164 295 0.2
167 175 0.166667
167 203 0.166667
167 240 0.2
167 275 0.2
168 200 0.142857
168 278 0.2
169 219 0.2
169 236 0.2
169 243 0.2
170 282 0.2
170 293 0.2
171 195 0.2
171 208 0.166667
171 227 0.166667
172 211 0.2
173 175 0.166667
173 232 0.166667
173 258 0.166667
175 254 0.2
176 249 0.2
176 283 0.2
177 209 0.2
177 248 0.2
177 262 0.2
177 271 0.2
177 299 0.2
178 235 0.142857
179 193 0.2
181 224 0.166667
181 299 0.2
182 242 0.142857
185 198 0.166667
186 234 0.166667
189 264 0.2
191 194 0.2
191 239 0.2
192 229 0.166667
197 263 0.2
197 301 0.2
198 288 0.2
199 283 0.2
200 207 0.2
200 266 0.166667
201 246 0.2
201 261 0.2
201 267 0.166667
203 243 0.2
204 228 0.166667
204 255 0.2
204 290 0.166667
206 217 0.2
206 254 0.2
208 252 0.2
212 219 0.2
212 290 0.166667
213 229 0.166667
213 260 0.2
214 224 0.166667
214 231 0.2
215 228 0.166667
220 223 0.166667
221 277 0.2
222 227 0.166667
222 231 0.2
222 249 0.2
223 248 0.2
224 254 0.2
225 268 0.2
225 287 0.2
226 230 0.166667
227 289 0.2
228 287 0.2
229 284 0.166667
230 232 0.166667
232 290 0.166667
234 259 0.166667
235 269 0.166667
235 270 0.2
242 264 0.2
242 291 0.2
245 303 0.2
250 285 0.2
258 291 0.2
259 266 0.166667
266 296 0.2
267 281 0.2
269 302 0.2
284 292 0.2
290 302 0.2
5 0 0.058824
7 0 0.058824
9 0 0.058824
27 0 0.058824
30 0 0.058824
61 0 0.058824
67 0 0.058824
71 0 0.058824
75 0 0.058824
82 0 0.058824
83 0 0.058824
141 0 0.058824
145 0 0.058824
180 0 0.058824
193 0 0.058824
197 0 0.058824
285 0 0.058824
5 1 0.021739
6 1 0.021739
8 1 0.021739
9 1 0.021739
10 1 0.021739
15 1 0.021739
18 1 0.021739
19 1 0.021739
21 1 0.021739
23 1 0.021739
29 1 0.021739
31 1 0.021739
34 1 0.021739
38 1 0.021739
43 1 0.021739
45 1 0.021739
49 1 0.021739
50 1 0.021739
54 1 0.021739
57 1 0.021739
60 1 0.021739
72 1 0.021739
73 1 0.021739
85 1 0.021739
94 1 0.021739
97 1 0.021739
98 1 0.021739
129 1 0.021739
130 1 0.021739
135 1 0.021739
148 1 0.021739
153 1 0.021739
173 1 0.021739
177 1 0.021739
178 1 0.021739
181 1 0.021739
191 1 0.021739
199 1 0.021739
201 1 0.021739
207 1 0.021739
216 1 0.021739
223 1 0.021739
231 1 0.021739
241 1 0.021739
271 1 0.021739
285 1 0.021739
5 2 0.071429
6 2 0.071429
12 2 0.071429
17 2 0.071429
19 2 0.071429
25 2 0.071429
30 2 0.071429
81 2 0.071429
98 2 0.071429
102 2 0.071429
193 2 0.071429
201 2 0.071429
252 2 0.071429
302 2 0.071429
5 3 0.033333
6 3 0.033333
7 3 0.033333
8 3 0.033333
11 3 0.033333
12 3 0.033333
16 3 0.033333
20 3 0.033333
34 3 0.033333
35 3 0.033333
47 3 0.033333
61 3 0.033333
65 3 0.033333
66 3 0.033333
67 3 0.033333
72 3 0.033333
82 3 0.033333
90 3 0.033333
140 3 0.033333
142 3 0.033333
164 3 0.033333
172 3 0.033333
176 3 0.033333
179 3 0.033333
205 3 0.033333
246 3 0.033333
253 3 0.033333
259 3 0.033333
267 3 0.033333
274 3 0.033333
5 4 0.027027
6 4 0.027027
7 4 0.027027
9 4 0.027027
13 4 0.027027
15 4 0.027027
17 4 0.027027
18 4 0.027027
21 4 0.027027
23 4 0.027027
31 4 0.027027
37 4 0.027027
46 4 0.027027
53 4 0.027027
59 4 0.027027
73 4 0.027027
75 4 0.027027
80 4 0.027027
83 4 0.027027
85 4 0.027027
86 4 0.027027
88 4 0.027027
94 4 0.027027
105 4 0.027027
107 4 0.027027
139 4 0.027027
141 4 0.027027
150 4 0.027027
166 4 0.027027
172 4 0.027027
176 4 0.027027
217 4 0.027027
230 4 0.027027
247 4 0.027027
252 4 0.027027
278 4 0.027027
292 4 0.027027
6 5 0.015625
7 5 0.015625
8 5 0.015625
10 5 0.015625
11 5 0.015625
13 5 0.015625
16 5 0.015625
19 5 0.015625
20 5 0.015625
24 5 0.015625
25 5 0.015625
28 5 0.015625
29 5 0.015625
30 5 0.015625
31 5 0.015625
32 5 0.015625
34 5 0.015625
38 5 0.015625
41 5 0.015625
45 5 0.015625
47 5 0.015625
48 5 0.015625
51 5 0.015625
52 5 0.015625
53 5 0.015625
66 5 0.015625
67 5 0.015625
72 5 0.015625
77 5 0.015625
91 5 0.015625
93 5 0.015625
104 5 0.015625
108 5 0.015625
110 5 0.015625
111 5 0.015625
119 5 0.015625
120 5 0.015625
124 5 0.015625
126 5 0.015625
132 5 0.015625
136 5 0.015625
144 5 0.015625
146 5 0.015625
157 5 0.015625
166 5 0.015625
174 5 0.015625
197 5 0.015625
204 5 0.015625
205 5 0.015625
241 5 0.015625
249 5 0.015625
255 5 0.015625
264 5 0.015625
268 5 0.015625
279 5 0.015625
280 5 0.015625
282 5 0.015625
286 5 0.015625
287 5 0.015625
7 6 0.026316
8 6 0.026316
9 6 0.026316
10 6 0.026316
13 6 0.026316
14 6 0.026316
20 6 0.026316
22 6 0.026316
24 6 0.026316
31 6 0.026316
39 6 0.026316
42 6 0.026316
44 6 0.026316
45 6 0.026316
46 6 0.026316
49 6 0.026316
51 6 0.026316
58 6 0.026316
68 6 0.026316
80 6 0.026316
100 6 0.026316
101 6 0.026316
111 6 0.026316
121 6 0.026316
195 6 0.026316
196 6 0.026316
221 6 0.026316
227 6 0.026316
237 6 0.026316
244 6 0.026316
257 6 0.026316
271 6 0.026316
297 6 0.026316
8 7 0.026316
9 7 0.026316
10 7 0.026316
11 7 0.026316
12 7 0.026316
16 7 0.026316
17 7 0.026316
18 7 0.026316
24 7 0.026316
37 7 0.026316
40 7 0.026316
51 7 0.026316
67 7 0.026316
71 7 0.026316
84 7 0.026316
126 7 0.026316
129 7 0.026316
147 7 0.026316
154 7 0.026316
157 7 0.026316
158 7 0.026316
176 7 0.026316
179 7 0.026316
204 7 0.026316
216 7 0.026316
223 7 0.026316
230 7 0.026316
234 7 0.026316
244 7 0.026316
248 7 0.026316
260 7 0.026316
274 7 0.026316
276 7 0.026316
11 8 0.022727
12 8 0.022727
13 8 0.022727
14 8 0.022727
15 8 0.022727
16 8 0.022727
26 8 0.022727
31 8 0.022727
33 8 0.022727
41 8 0.022727
45 8 0.022727
49 8 0.022727
53 8 0.022727
63 8 0.022727
71 8 0.022727
77 8 0.022727
78 8 0.022727
93 8 0.022727
95 8 0.022727
99 8 0.022727
101 8 0.022727
104 8 0.022727
114 8 0.022727
121 8 0.022727
124 8 0.022727
142 8 0.022727
163 8 0.022727
169 8 0.022727
180 8 0.022727
194 8 0.022727
204 8 0.022727
206 8 0.022727
214 8 0.022727
225 8 0.022727
235 8 0.022727
256 8 0.022727
295 8 0.022727
297 8 0.022727
298 8 0.022727
10 9 0.019231
11 9 0.019231
13 9 0.019231
14 9 0.019231
15 9 0.019231
17 9 0.019231
21 9 0.019231
25 9 0.019231
28 9 0.019231
29 9 0.019231
30 9 0.019231
32 9 0.019231
35 9 0.019231
42 9 0.019231
44 9 0.019231
56 9 0.019231
65 9 0.019231
69 9 0.019231
70 9 0.019231
73 9 0.019231
78 9 0.019231
81 9 0.019231
85 9 0.019231
86 9 0.019231
95 9 0.019231
100 9 0.019231
106 9 0.019231
107 9 0.019231
110 9 0.019231
111 9 0.019231
126 9 0.019231
129 9 0.019231
131 9 0.019231
143 9 0.019231
151 9 0.019231
163 9 0.019231
164 9 0.019231
178 9 0.019231
186 9 0.019231
190 9 0.019231
196 9 0.019231
210 9 0.019231
215 9 0.019231
238 9 0.019231
242 9 0.019231
256 9 0.019231
270 9 0.019231
12 10 0.023256
20 10 0.023256
21 10 0.023256
28 10 0.023256
29 10 0.023256
33 10 0.023256
35 10 0.023256
37 10 0.023256
39 10 0.023256
40 10 0.023256
47 10 0.023256
50 10 0.023256
61 10 0.023256
64 10 0.023256
65 10 0.023256
70 10 0.023256
72 10 0.023256
79 10 0.023256
83 10 0.023256
89 10 0.023256
97 10 0.023256
127 10 0.023256
148 10 0.023256
161 10 0.023256
166 10 0.023256
167 10 0.023256
168 10 0.023256
181 10 0.023256
215 10 0.023256
240 10 0.023256
245 10 0.023256
248 10 0.023256
264 10 0.023256
268 10 0.023256
276 10 0.023256
283 10 0.023256
297 10 0.023256
301 10 0.023256
22 11 0.043478
46 11 0.043478
55 11 0.043478
57 11 0.043478
60 11 0.043478
68 11 0.043478
73 11 0.043478
95 11 0.043478
96 11 0.043478
115 11 0.043478
116 11 0.043478
122 11 0.043478
148 11 0.043478
151 11 0.043478
154 11 0.043478
197 11 0.043478
199 11 0.043478
281 11 0.043478
14 12 0.033333
15 12 0.033333
19 12 0.033333
24 12 0.033333
25 12 0.033333
32 12 0.033333
39 12 0.033333
49 12 0.033333
62 12 0.033333
66 12 0.033333
77 12 0.033333
81 12 0.033333
84 12 0.033333
87 12 0.033333
94 12 0.033333
164 12 0.033333
190 12 0.033333
196 12 0.033333
226 12 0.033333
236 12 0.033333
244 12 0.033333
265 12 0.033333
277 12 0.033333
283 12 0.033333
299 12 0.033333
14 13 0.020408
17 13 0.020408
18 13 0.020408
22 13 0.020408
26 13 0.020408
27 13 0.020408
33 13 0.020408
34 13 0.020408
38 13 0.020408
42 13 0.020408
48 13 0.020408
50 13 0.020408
57 13 0.020408
64 13 0.020408
82 13 0.020408
91 13 0.020408
126 13 0.020408
132 13 0.020408
158 13 0.020408
159 13 0.020408
168 13 0.020408
170 13 0.020408
172 13 0.020408
179 13 0.020408
180 13 0.020408
188 13 0.020408
197 13 0.020408
203 13 0.020408
224 13 0.020408
226 13 0.020408
233 13 0.020408
239 13 0.020408
252 13 0.020408
265 13 0.020408
267 13 0.020408
268 13 0.020408
274 13 0.020408
282 13 0.020408
289 13 0.020408
291 13 0.020408
297 13 0.020408
299 13 0.020408
300 13 0.020408
302 13 0.020408
16 14 0.05
18 14 0.05
23 14 0.05
36 14 0.05
38 14 0.05
41 14 0.05
51 14 0.05
74 14 0.05
81 14 0.05
94 14 0.05
101 14 0.05
109 14 0.05
192 14 0.05
225 14 0.05
247 14 0.05
24 15 0.027027
26 15 0.027027
27 15 0.027027
37 15 0.027027
43 15 0.027027
44 15 0.027027
50 15 0.027027
55 15 0.027027
56 15 0.027027
60 15 0.027027
69 15 0.027027
71 15 0.027027
76 15 0.027027
89 15 0.027027
92 15 0.027027
105 15 0.027027
112 15 0.027027
113 15 0.027027
114 15 0.027027
118 15 0.027027
140 15 0.027027
141 15 0.027027
163 15 0.027027
167 15 0.027027
183 15 0.027027
194 15 0.027027
200 15 0.027027
224 15 0.027027
245 15 0.027027
253 15 0.027027
262 15 0.027027
266 15 0.027027
22 16 0.033333
28 16 0.033333
38 16 0.033333
55 16 0.033333
58 16 0.033333
59 16 0.033333
62 16 0.033333
64 16 0.033333
66 16 0.033333
68 16 0.033333
75 16 0.033333
80 16 0.033333
82 16 0.033333
107 16 0.033333
142 16 0.033333
152 16 0.033333
177 16 0.033333
185 16 0.033333
201 16 0.033333
205 16 0.033333
220 16 0.033333
232 16 0.033333
239 16 0.033333
267 16 0.033333
295 16 0.033333
19 17 0.038462
20 17 0.038462
26 17 0.038462
32 17 0.038462
37 17 0.038462
46 17 0.038462
53 17 0.038462
62 17 0.038462
63 17 0.038462
74 17 0.038462
80 17 0.038462
89 17 0.038462
90 17 0.038462
102 17 0.038462
105 17 0.038462
149 17 0.038462
223 17 0.038462
234 17 0.038462
278 17 0.038462
281 17 0.038462
298 17 0.038462
21 18 0.03125
27 18 0.03125
32 18 0.03125
34 18 0.03125
35 18 0.03125
42 18 0.03125
43 18 0.03125
55 18 0.03125
58 18 0.03125
60 18 0.03125
76 18 0.03125
84 18 0.03125
88 18 0.03125
97 18 0.03125
122 18 0.03125
128 18 0.03125
137 18 0.03125
143 18 0.03125
145 18 0.03125
157 18 0.03125
161 18 0.03125
185 18 0.03125
189 18 0.03125
191 18 0.03125
229 18 0.03125
244 18 0.03125
284 18 0.03125
22 19 0.045455
25 19 0.045455
30 19 0.045455
33 19 0.045455
35 19 0.045455
65 19 0.045455
91 19 0.045455
103 19 0.045455
109 19 0.045455
111 19 0.045455
156 19 0.045455
159 19 0.045455
163 19 0.045455
192 19 0.045455
235 19 0.045455
269 19 0.045455
292 19 0.045455
23 20 0.041667
27 20 0.041667
28 20 0.041667
36 20 0.041667
44 20 0.041667
45 20 0.041667
86 20 0.041667
88 20 0.041667
116 20 0.041667
135 20 0.041667
139 20 0.041667
140 20 0.041667
142 20 0.041667
154 20 0.041667
162 20 0.041667
175 20 0.041667
194 20 0.041667
293 20 0.041667
301 20 0.041667
23 21 0.076923
52 21 0.076923
54 21 0.076923
68 21 0.076923
115 21 0.076923
237 21 0.076923
270 21 0.076923
275 21 0.076923
33 22 0.047619
36 22 0.047619
49 22 0.047619
88 22 0.047619
89 22 0.047619
99 22 0.047619
103 22 0.047619
108 22 0.047619
115 22 0.047619
173 22 0.047619
189 22 0.047619
200 22 0.047619
212 22 0.047619
228 22 0.047619
244 22 0.047619
273 22 0.047619
76 23 0.090909
113 23 0.090909
114 23 0.090909
181 23 0.090909
194 23 0.090909
200 23 0.090909
36 24 0.0625
51 24 0.0625
52 24 0.0625
98 24 0.0625
167 24 0.0625
192 24 0.0625
217 24 0.0625
250 24 0.0625
263 24 0.0625
273 24 0.0625
275 24 0.0625
26 25 0.055556
29 25 0.055556
53 25 0.055556
107 25 0.055556
115 25 0.055556
118 25 0.055556
127 25 0.055556
208 25 0.055556
220 25 0.055556
221 25 0.055556
247 25 0.055556
267 25 0.055556
277 25 0.055556
36 26 0.058824
40 26 0.058824
43 26 0.058824
55 26 0.058824
58 26 0.058824
76 26 0.058824
79 26 0.058824
122 26 0.058824
162 26 0.058824
202 26 0.058824
279 26 0.058824
301 26 0.058824
39 27 0.0625
63 27 0.0625
83 27 0.0625
116 27 0.0625
122 27 0.0625
132 27 0.0625
155 27 0.0625
172 27 0.0625
217 27 0.0625
226 27 0.0625
238 27 0.0625
47 28 0.083333
104 28 0.083333
160 28 0.083333
203 28 0.083333
260 28 0.083333
265 28 0.083333
289 28 0.083333
67 29 0.052632
68 29 0.052632
83 29 0.052632
124 29 0.052632
125 29 0.052632
130 29 0.052632
160 29 0.052632
173 29 0.052632
175 29 0.052632
186 29 0.052632
221 29 0.052632
266 29 0.052632
273 29 0.052632
279 29 0.052632
39 30 0.055556
52 30 0.055556
70 30 0.055556
74 30 0.055556
95 30 0.055556
97 30 0.055556
106 30 0.055556
117 30 0.055556
123 30 0.055556
169 30 0.055556
173 30 0.055556
196 30 0.055556
294 30 0.055556
41 31 0.058824
76 31 0.058824
102 31 0.058824
140 31 0.058824
178 31 0.058824
182 31 0.058824
202 31 0.058824
208 31 0.058824
212 31 0.058824
226 31 0.058824
234 31 0.058824
256 31 0.058824
40 32 0.142857
127 32 0.142857
46 33 0.0625
54 33 0.0625
77 33 0.0625
103 33 0.0625
108 33 0.0625
122 33 0.0625
128 33 0.0625
131 33 0.0625
134 33 0.0625
212 33 0.0625
233 33 0.0625
59 34 0.083333
85 34 0.083333
176 34 0.083333
213 34 0.083333
223 34 0.083333
226 34 0.083333
303 34 0.083333
94 35 0.142857
192 35 0.142857
48 36 0.090909
112 36 0.090909
139 36 0.090909
148 36 0.090909
222 36 0.090909
276 36 0.090909
60 37 0.052632
71 37 0.052632
72 37 0.052632
89 37 0.052632
92 37 0.052632
98 37 0.052632
100 37 0.052632
109 37 0.052632
148 37 0.052632
155 37 0.052632
174 37 0.052632
202 37 0.052632
217 37 0.052632
233 37 0.052632
43 38 0.047619
80 38 0.047619
87 38 0.047619
111 38 0.047619
114 38 0.047619
117 38 0.047619
145 38 0.047619
156 38 0.047619
160 38 0.047619
170 38 0.047619
188 38 0.047619
225 38 0.047619
242 38 0.047619
280 38 0.047619
288 38 0.047619
297 38 0.047619
40 39 0.038462
42 39 0.038462
50 39 0.038462
56 39 0.038462
57 39 0.038462
59 39 0.038462
62 39 0.038462
79 39 0.038462
88 39 0.038462
99 39 0.038462
134 39 0.038462
143 39 0.038462
150 39 0.038462
152 39 0.038462
158 39 0.038462
161 39 0.038462
169 39 0.038462
184 39 0.038462
231 39 0.038462
239 39 0.038462
272 39 0.038462
41 40 0.090909
112 40 0.090909
186 40 0.090909
209 40 0.090909
250 40 0.090909
288 40 0.090909
77 41 0.076923
86 41 0.076923
188 41 0.076923
237 41 0.076923
247 41 0.076923
251 41 0.076923
273 41 0.076923
289 41 0.076923
44 42 0.111111
59 42 0.111111
276 42 0.111111
298 42 0.111111
61 43 0.047619
62 43 0.047619
63 43 0.047619
69 43 0.047619
70 43 0.047619
108 43 0.047619
120 43 0.047619
125 43 0.047619
156 43 0.047619
181 43 0.047619
182 43 0.047619
202 43 0.047619
238 43 0.047619
274 43 0.047619
293 43 0.047619
303 43 0.047619
48 44 0.125
79 44 0.125
211 44 0.125
73 45 0.058824
98 45 0.058824
103 45 0.058824
133 45 0.058824
189 45 0.058824
198 45 0.058824
222 45 0.058824
246 45 0.058824
253 45 0.058824
281 45 0.058824
288 45 0.058824
301 45 0.058824
47 46 0.041667
48 46 0.041667
54 46 0.041667
61 46 0.041667
66 46 0.041667
84 46 0.041667
110 46 0.041667
114 46 0.041667
118 46 0.041667
121 46 0.041667
125 46 0.041667
132 46 0.041667
137 46 0.041667
146 46 0.041667
160 46 0.041667
193 46 0.041667
225 46 0.041667
298 46 0.041667
300 46 0.041667
56 47 0.076923
87 47 0.076923
100 47 0.076923
112 47 0.076923
123 47 0.076923
125 47 0.076923
147 47 0.076923
199 47 0.076923
54 48 0.076923
116 48 0.076923
172 48 0.076923
177 48 0.076923
180 48 0.076923
183 48 0.076923
222 48 0.076923
303 48 0.076923
52 49 0.058824
69 49 0.058824
97 49 0.058824
106 49 0.058824
109 49 0.058824
113 49 0.058824
147 49 0.058824
168 49 0.058824
206 49 0.058824
210 49 0.058824
243 49 0.058824
262 49 0.058824
78 50 0.071429
96 50 0.071429
153 50 0.071429
165 50 0.071429
250 50 0.071429
260 50 0.071429
280 50 0.071429
299 50 0.071429
303 50 0.071429
65 51 0.111111
74 51 0.111111
162 51 0.111111
206 51 0.111111
56 52 0.076923
151 52 0.076923
168 52 0.076923
171 52 0.076923
173 52 0.076923
239 52 0.076923
252 52 0.076923
269 52 0.076923
70 53 0.125
147 53 0.125
249 53 0.125
57 54 0.071429
99 54 0.071429
104 54 0.071429
105 54 0.071429
121 54 0.071429
185 54 0.071429
214 54 0.071429
257 54 0.071429
274 54 0.071429
86 55 0.066667
87 55 0.066667
107 55 0.066667
119 55 0.066667
138 55 0.066667
155 55 0.066667
182 55 0.066667
227 55 0.066667
251 55 0.066667
253 55 0.066667
58 56 0.076923
121 56 0.076923
192 56 0.076923
203 56 0.076923
212 56 0.076923
259 56 0.076923
281 56 0.076923
288 56 0.076923
90 57 0.111111
153 57 0.111111
171 57 0.111111
300 57 0.111111
158 58 0.142857
234 58 0.142857
64 59 0.0625
101 59 0.0625
115 59 0.0625
130 59 0.0625
184 59 0.0625
191 59 0.0625
221 59 0.0625
262 59 0.0625
285 59 0.0625
290 59 0.0625
296 59 0.0625
69 60 0.071429
75 60 0.071429
81 60 0.071429
91 60 0.071429
93 60 0.071429
118 60 0.071429
123 60 0.071429
240 60 0.071429
269 60 0.071429
93 61 0.090909
119 61 0.090909
133 61 0.090909
155 61 0.090909
209 61 0.090909
278 61 0.090909
63 62 0.1
64 62 0.1
100 62 0.1
103 62 0.1
295 62 0.1
78 63 0.111111
174 63 0.111111
261 63 0.111111
275 63 0.111111
138 64 0.166667
102 65 0.052632
119 65 0.052632
127 65 0.052632
132 65 0.052632
150 65 0.052632
213 65 0.052632
214 65 0.052632
220 65 0.052632
240 65 0.052632
251 65 0.052632
257 65 0.052632
258 65 0.052632
261 65 0.052632
271 65 0.052632
74 66 0.1
90 66 0.1
108 66 0.1
201 66 0.1
218 66 0.1
82 67 0.083333
104 67 0.083333
112 67 0.083333
134 67 0.083333
152 67 0.083333
161 67 0.083333
266 67 0.083333
92 68 0.055556
110 68 0.055556
123 68 0.055556
128 68 0.055556
195 68 0.055556
204 68 0.055556
227 68 0.055556
232 68 0.055556
245 68 0.055556
255 68 0.055556
268 68 0.055556
292 68 0.055556
294 68 0.055556
155 69 0.166667
79 70 0.125
162 70 0.125
237 70 0.125
78 71 0.1
117 71 0.1
129 71 0.1
200 71 0.1
235 71 0.1
75 72 0.071429
106 72 0.071429
153 72 0.071429
171 72 0.071429
184 72 0.071429
206 72 0.071429
218 72 0.071429
278 72 0.071429
296 72 0.071429
92 73 0.1
136 73 0.1
137 73 0.1
138 73 0.1
220 73 0.1
96 74 0.125
131 74 0.125
291 74 0.125
93 75 0.076923
95 75 0.076923
101 75 0.076923
159 75 0.076923
164 75 0.076923
191 75 0.076923
243 75 0.076923
272 75 0.076923
130 76 0.1
141 76 0.1
187 76 0.1
286 76 0.1
296 76 0.1
90 77 0.125
144 77 0.125
151 77 0.125
91 78 0.111111
135 78 0.111111
146 78 0.111111
159 78 0.111111
84 79 0.111111
106 79 0.111111
165 79 0.111111
176 79 0.111111
109 80 0.111111
195 80 0.111111
221 80 0.111111
282 80 0.111111
85 81 0.125
128 81 0.125
246 81 0.125
119 82 0.0625
149 82 0.0625
177 82 0.0625
203 82 0.0625
205 82 0.0625
213 82 0.0625
230 82 0.0625
236 82 0.0625
242 82 0.0625
292 82 0.0625
293 82 0.0625
113 83 0.076923
120 83 0.076923
129 83 0.076923
165 83 0.076923
201 83 0.076923
206 83 0.076923
216 83 0.076923
250 83 0.076923
87 84 0.058824
92 84 0.058824
96 84 0.058824
136 84 0.058824
146 84 0.058824
170 84 0.058824
184 84 0.058824
199 84 0.058824
211 84 0.058824
228 84 0.058824
259 84 0.058824
265 84 0.058824
113 85 0.142857
198 85 0.142857
131 86 0.076923
152 86 0.076923
168 86 0.076923
174 86 0.076923
209 86 0.076923
210 86 0.076923
246 86 0.076923
270 86 0.076923
96 87 0.083333
105 87 0.083333
123 87 0.083333
137 87 0.083333
175 87 0.083333
254 87 0.083333
260 87 0.083333
118 88 0.125
134 88 0.125
222 88 0.125
102 89 0.142857
189 89 0.142857
99 90 0.166667
144 91 0.142857
190 91 0.142857
187 92 0.090909
193 92 0.090909
250 92 0.090909
255 92 0.090909
262 92 0.090909
291 92 0.090909
116 93 0.1
141 93 0.1
181 93 0.1
293 93 0.1
302 93 0.1
117 94 0.090909
120 94 0.090909
128 94 0.090909
258 94 0.090909
284 94 0.090909
286 94 0.090909
130 95 0.083333
145 95 0.083333
157 95 0.083333
166 95 0.083333
182 95 0.083333
197 95 0.083333
220 95 0.083333
184 96 0.125
208 96 0.125
272 96 0.125
170 97 0.142857
269 97 0.142857
245 98 0.142857
257 98 0.142857
133 99 0.090909
142 99 0.090909
169 99 0.090909
178 99 0.090909
183 99 0.090909
286 99 0.090909
143 100 0.125
149 100 0.125
255 100 0.125
207 103 0.111111
225 103 0.111111
263 103 0.111111
286 103 0.111111
117 104 0.166667
124 105 0.0625
131 105 0.0625
138 105 0.0625
162 105 0.0625
214 105 0.0625
218 105 0.0625
253 105 0.0625
258 105 0.0625
264 105 0.0625
284 105 0.0625
300 105 0.0625
171 106 0.125
277 106 0.125
295 106 0.125
195 107 0.090909
205 107 0.090909
219 107 0.090909
237 107 0.090909
275 107 0.090909
287 107 0.090909
146 108 0.125
235 108 0.125
245 108 0.125
110 109 0.076923
133 109 0.076923
143 109 0.076923
144 109 0.076923
149 109 0.076923
156 109 0.076923
259 109 0.076923
282 109 0.076923
134 110 0.125
241 110 0.125
254 110 0.125
188 111 0.111111
207 111 0.111111
209 111 0.111111
240 111 0.111111
136 112 0.111111
158 112 0.111111
179 112 0.111111
229 112 0.111111
135 113 0.111111
196 113 0.111111
222 113 0.111111
249 113 0.111111
179 114 0.111111
190 114 0.111111
233 114 0.111111
256 114 0.111111
258 115 0.111111
261 115 0.111111
272 115 0.111111
287 115 0.111111
124 116 0.090909
127 116 0.090909
163 116 0.090909
210 116 0.090909
213 116 0.090909
214 116 0.090909
150 118 0.166667
120 119 0.083333
152 119 0.083333
187 119 0.083333
216 119 0.083333
236 119 0.083333
261 119 0.083333
272 119 0.083333
177 120 0.142857
232 120 0.142857
125 121 0.142857
126 121 0.142857
241 122 0.142857
242 122 0.142857
136 123 0.090909
157 123 0.090909
170 123 0.090909
174 123 0.090909
185 123 0.090909
279 123 0.090909
137 124 0.125
207 124 0.125
294 124 0.125
144 125 0.1
186 125 0.1
219 125 0.1
251 125 0.1
296 125 0.1
171 126 0.166667
133 127 0.1
212 127 0.1
230 127 0.1
257 127 0.1
276 127 0.1
140 128 0.076923
147 128 0.076923
187 128 0.076923
231 128 0.076923
233 128 0.076923
248 128 0.076923
256 128 0.076923
284 128 0.076923
151 129 0.142857
154 129 0.142857
165 130 0.125
167 130 0.125
219 130 0.125
135 131 0.142857
185 131 0.142857
139 133 0.142857
215 133 0.142857
139 134 0.111111
215 134 0.111111
271 134 0.111111
277 134 0.111111
182 135 0.111111
188 135 0.111111
213 135 0.111111
285 135 0.111111
280 136 0.166667
138 137 0.111111
211 137 0.111111
215 137 0.111111
270 137 0.111111
150 138 0.111111
178 138 0.111111
208 138 0.111111
265 138 0.111111
145 139 0.1
149 139 0.1
165 139 0.1
229 139 0.1
279 139 0.1
166 140 0.111111
183 140 0.111111
186 140 0.111111
190 140 0.111111
238 142 0.142857
243 142 0.142857
204 143 0.125
218 143 0.125
263 143 0.125
161 144 0.090909
164 144 0.090909
198 144 0.090909
211 144 0.090909
273 144 0.090909
294 144 0.090909
183 145 0.166667
167 146 0.166667
187 147 0.166667
154 149 0.142857
198 149 0.142857
189 150 0.166667
153 151 0.142857
159 151 0.142857
191 152 0.166667
290 153 0.166667
156 154 0.142857
294 154 0.142857
199 155 0.083333
202 155 0.083333
224 155 0.083333
236 155 0.083333
241 155 0.083333
263 155 0.083333
283 155 0.083333
210 156 0.125
218 156 0.125
300 156 0.125
238 157 0.142857
289 157 0.142857
160 158 0.125
169 158 0.125
298 158 0.125
216 160 0.125
228 160 0.125
280 160 0.125
180 164 0.111111
247 164 0.111111
251 164 0.111111
295 164 0.111111
175 167 0.111111
203 167 0.111111
240 167 0.111111
275 167 0.111111
200 168 0.142857
278 168 0.142857
219 169 0.125
236 169 0.125
243 169 0.125
282 170 0.142857
293 170 0.142857
195 171 0.125
208 171 0.125
227 171 0.125
211 172 0.166667
175 173 0.125
232 173 0.125
258 173 0.125
254 175 0.166667
249 176 0.142857
283 176 0.142857
209 177 0.1
248 177 0.1
262 177 0.1
271 177 0.1
299 177 0.1
235 178 0.166667
193 179 0.166667
224 181 0.142857
299 181 0.142857
242 182 0.166667
198 185 0.166667
234 186 0.166667
264 189 0.166667
194 191 0.142857
239 191 0.142857
229 192 0.166667
263 197 0.142857
301 197 0.142857
288 198 0.166667
283 199 0.166667
207 200 0.142857
266 200 0.142857
246 201 0.125
261 201 0.125
267 201 0.125
243 203 0.166667
228 204 0.125
255 204 0.125
290 204 0.125
217 206 0.142857
254 206 0.142857
252 208 0.166667
219 212 0.142857
290 212 0.142857
229 213 0.142857
260 213 0.142857
224 214 0.142857
231 214 0.142857
228 215 0.166667
223 220 0.166667
277 221 0.166667
227 222 0.125
231 222 0.125
249 222 0.125
248 223 0.166667
254 224 0.166667
268 225 0.142857
287 225 0.142857
230 226 0.166667
289 227 0.166667
287 228 0.166667
284 229 0.166667
232 230 0.166667
290 232 0.166667
259 234 0.166667
269 235 0.142857
270 235 0.142857
264 242 0.142857
291 242 0.142857
303 245 0.166667
285 250 0.166667
291 258 0.166667
266 259 0.166667
296 266 0.166667
281 267 0.166667
302 269 0.166667
292 284 0.166667
302 290 0.166667
