0 5 0.014925
0 7 0.025
0 9 0.016667
0 27 0.055556
0 30 0.052632
0 61 0.083333
0 67 0.071429
0 71 0.076923
0 75 0.0625
0 82 0.058824
0 83 0.076923
0 141 0.2
0 145 0.166667
0 180 0.166667
0 193 0.142857
0 197 0.125
0 285 0.2
0 331 0.2
0 344 0.2
1 5 0.014925
1 6 0.02439
1 8 0.021277
1 9 0.016667
1 10 0.020408
1 15 0.025
1 18 0.030303
1 19 0.035714
1 21 0.0625
1 23 0.090909
1 29 0.052632
1 31 0.055556
1 34 0.076923
1 38 0.045455
1 43 0.04
1 45 0.052632
1 49 0.047619
1 50 0.066667
1 54 0.058824
1 57 0.090909
1 60 0.066667
1 72 0.066667
1 73 0.083333
1 85 0.142857
1 94 0.090909
1 97 0.125
1 98 0.125
1 129 0.142857
1 130 0.111111
1 135 0.111111
1 148 0.2
1 153 0.166667
1 173 0.111111
1 177 0.090909
1 178 0.142857
1 181 0.1
1 191 0.142857
1 199 0.166667
1 201 0.1
1 207 0.166667
1 216 0.166667
1 223 0.166667
1 231 0.142857
1 241 0.142857
1 271 0.166667
1 285 0.2
1 307 0.2
1 347 0.2
1 378 0.2
2 5 0.014925
2 6 0.02439
2 12 0.029412
2 17 0.032258
2 19 0.035714
2 25 0.052632
2 30 0.052632
2 81 0.111111
2 98 0.125
2 102 0.125
2 193 0.142857
2 201 0.1
2 252 0.2
2 302 0.166667
3 5 0.014925
3 6 0.02439
3 7 0.025
3 8 0.021277
3 11 0.038462
3 12 0.029412
3 16 0.033333
3 20 0.033333
3 34 0.076923
3 35 0.125
3 47 0.0625
3 61 0.083333
3 65 0.05
3 66 0.090909
3 67 0.071429
3 72 0.066667
3 82 0.058824
3 90 0.111111
3 140 0.090909
3 142 0.111111
3 164 0.1
3 172 0.166667
3 176 0.142857
3 179 0.166667
3 205 0.2
3 246 0.2
3 253 0.2
3 259 0.111111
3 267 0.125
3 274 0.2
3 327 0.2
3 348 0.2
3 368 0.2
3 380 0.2
4 5 0.014925
4 6 0.02439
4 7 0.025
4 9 0.016667
4 13 0.016393
4 15 0.025
4 17 0.032258
4 18 0.030303
4 21 0.0625
4 23 0.090909
4 31 0.055556
4 37 0.052632
4 46 0.038462
4 53 0.1
4 59 0.055556
4 73 0.083333
4 75 0.0625
4 80 0.083333
4 83 0.076923
4 85 0.142857
4 86 0.076923
4 88 0.125
4 94 0.090909
4 105 0.058824
4 107 0.076923
4 139 0.076923
4 141 0.2
4 150 0.111111
4 166 0.142857
4 172 0.166667
4 176 0.142857
4 217 0.166667
4 230 0.125
4 247 0.166667
4 252 0.2
4 278 0.2
4 292 0.2
4 352 0.2
5 6 0.02439
5 7 0.025
5 8 0.021277
5 10 0.020408
5 11 0.038462
5 13 0.016393
5 16 0.033333
5 19 0.035714
5 20 0.033333
5 24 0.05
5 25 0.052632
5 28 0.071429
5 29 0.052632
5 30 0.052632
5 31 0.055556
5 32 0.142857
5 34 0.076923
5 38 0.045455
5 41 0.0625
5 45 0.052632
5 47 0.0625
5 48 0.071429
5 51 0.1
5 52 0.0625
5 53 0.1
5 66 0.090909
5 67 0.071429
5 72 0.066667
5 77 0.125
5 91 0.125
5 93 0.083333
5 104 0.166667
5 108 0.1
5 110 0.111111
5 111 0.1
5 119 0.0625
5 120 0.142857
5 124 0.111111
5 126 0.142857
5 132 0.166667
5 136 0.166667
5 144 0.066667
5 146 0.142857
5 157 0.125
5 166 0.142857
5 174 0.125
5 197 0.125
5 204 0.1
5 205 0.2
5 241 0.142857
5 249 0.2
5 255 0.166667
5 264 0.166667
5 268 0.166667
5 279 0.166667
5 280 0.142857
5 282 0.2
5 286 0.2
5 287 0.166667
5 313 0.166667
5 367 0.2
5 372 0.2
6 7 0.025
6 8 0.021277
6 9 0.016667
6 10 0.020408
6 13 0.016393
6 14 0.05
6 20 0.033333
6 22 0.045455
6 24 0.05
6 31 0.055556
6 39 0.034483
6 42 0.1
6 44 0.111111
6 45 0.052632
6 46 0.038462
6 49 0.047619
6 51 0.1
6 58 0.142857
6 68 0.047619
6 80 0.083333
6 100 0.125
6 101 0.166667
6 111 0.1
6 121 0.125
6 195 0.2
6 196 0.166667
6 221 0.166667
6 227 0.142857
6 237 0.166667
6 244 0.142857
6 257 0.166667
6 271 0.166667
6 297 0.2
6 338 0.2
6 344 0.2
6 379 0.2
7 8 0.021277
7 9 0.016667
7 10 0.020408
7 11 0.038462
7 12 0.029412
7 16 0.033333
7 17 0.032258
7 18 0.030303
7 24 0.05
7 37 0.052632
7 40 0.090909
7 51 0.1
7 67 0.071429
7 71 0.076923
7 84 0.05
7 126 0.142857
7 129 0.142857
7 147 0.166667
7 154 0.142857
7 157 0.125
7 158 0.111111
7 176 0.142857
7 179 0.166667
7 204 0.1
7 216 0.166667
7 223 0.166667
7 230 0.125
7 234 0.166667
7 244 0.142857
7 248 0.166667
7 260 0.2
7 274 0.2
7 276 0.142857
7 332 0.166667
7 379 0.2
8 11 0.038462
8 12 0.029412
8 13 0.016393
8 14 0.05
8 15 0.025
8 16 0.033333
8 26 0.058824
8 31 0.055556
8 33 0.055556
8 41 0.0625
8 45 0.052632
8 49 0.047619
8 53 0.1
8 63 0.1
8 71 0.076923
8 77 0.125
8 78 0.111111
8 93 0.083333
8 95 0.083333
8 99 0.090909
8 101 0.166667
8 104 0.166667
8 114 0.090909
8 121 0.125
8 124 0.111111
8 142 0.111111
8 163 0.166667
8 169 0.125
8 180 0.166667
8 194 0.166667
8 204 0.1
8 206 0.111111
8 214 0.142857
8 225 0.111111
8 235 0.142857
8 256 0.166667
8 295 0.142857
8 297 0.2
8 298 0.142857
8 321 0.2
8 326 0.2
8 361 0.2
9 10 0.020408
9 11 0.038462
9 13 0.016393
9 14 0.05
9 15 0.025
9 17 0.032258
9 21 0.0625
9 25 0.052632
9 28 0.071429
9 29 0.052632
9 30 0.052632
9 32 0.142857
9 35 0.125
9 42 0.1
9 44 0.111111
9 56 0.066667
9 65 0.05
9 69 0.142857
9 70 0.1
9 73 0.083333
9 78 0.111111
9 81 0.111111
9 85 0.142857
9 86 0.076923
9 95 0.083333
9 100 0.125
9 106 0.1
9 107 0.076923
9 110 0.111111
9 111 0.1
9 126 0.142857
9 129 0.142857
9 131 0.142857
9 143 0.125
9 151 0.090909
9 163 0.166667
9 164 0.1
9 178 0.142857
9 186 0.125
9 190 0.166667
9 196 0.166667
9 210 0.142857
9 215 0.142857
9 238 0.2
9 242 0.142857
9 256 0.166667
9 270 0.2
9 321 0.2
9 327 0.2
9 328 0.2
9 337 0.166667
9 339 0.166667
9 350 0.2
9 354 0.166667
9 359 0.2
10 12 0.029412
10 20 0.033333
10 21 0.0625
10 28 0.071429
10 29 0.052632
10 33 0.055556
10 35 0.125
10 37 0.052632
10 39 0.034483
10 40 0.090909
10 47 0.0625
10 50 0.066667
10 61 0.083333
10 64 0.166667
10 65 0.05
10 70 0.1
10 72 0.066667
10 79 0.083333
10 83 0.076923
10 89 0.142857
10 97 0.125
10 127 0.090909
10 148 0.2
10 161 0.142857
10 166 0.142857
10 167 0.083333
10 168 0.125
10 181 0.1
10 215 0.142857
10 240 0.2
10 245 0.166667
10 248 0.166667
10 264 0.166667
10 268 0.166667
10 276 0.142857
10 283 0.2
10 297 0.2
10 301 0.142857
10 328 0.2
10 334 0.2
10 338 0.2
10 348 0.2
10 364 0.2
10 368 0.2
11 22 0.045455
11 46 0.038462
11 55 0.0625
11 57 0.090909
11 60 0.066667
11 68 0.047619
11 73 0.083333
11 95 0.083333
11 96 0.125
11 115 0.090909
11 116 0.090909
11 122 0.142857
11 148 0.2
11 151 0.090909
11 154 0.142857
11 197 0.125
11 199 0.166667
11 281 0.2
11 305 0.2
11 324 0.166667
11 379 0.2
12 14 0.05
12 15 0.025
12 19 0.035714
12 24 0.05
12 25 0.052632
12 32 0.142857
12 39 0.034483
12 49 0.047619
12 62 0.083333
12 66 0.090909
12 77 0.125
12 81 0.111111
12 84 0.05
12 87 0.0625
12 94 0.090909
12 164 0.1
12 190 0.166667
12 196 0.166667
12 226 0.166667
12 236 0.166667
12 244 0.142857
12 265 0.166667
12 277 0.2
12 283 0.2
12 299 0.2
12 325 0.2
12 342 0.2
12 345 0.2
12 378 0.2
13 14 0.05
13 17 0.032258
13 18 0.030303
13 22 0.045455
13 26 0.058824
13 27 0.055556
13 33 0.055556
13 34 0.076923
13 38 0.045455
13 42 0.1
13 48 0.071429
13 50 0.066667
13 57 0.090909
13 64 0.166667
13 82 0.058824
13 91 0.125
13 126 0.142857
13 132 0.166667
13 158 0.111111
13 159 0.166667
13 168 0.125
13 170 0.142857
13 172 0.166667
13 179 0.166667
13 180 0.166667
13 188 0.166667
13 197 0.125
13 203 0.166667
13 224 0.125
13 226 0.166667
13 233 0.2
13 239 0.2
13 252 0.2
13 265 0.166667
13 267 0.125
13 268 0.166667
13 274 0.2
13 282 0.2
13 289 0.142857
13 291 0.166667
13 297 0.2
13 299 0.2
13 300 0.2
13 302 0.166667
13 308 0.2
13 309 0.2
13 311 0.166667
13 314 0.2
13 325 0.2
13 330 0.2
13 338 0.2
13 340 0.166667
13 342 0.2
13 362 0.2
13 364 0.2
13 371 0.2
14 16 0.033333
14 18 0.030303
14 23 0.090909
14 36 0.066667
14 38 0.045455
14 41 0.0625
14 51 0.1
14 74 0.111111
14 81 0.111111
14 94 0.090909
14 101 0.166667
14 109 0.071429
14 192 0.142857
14 225 0.111111
14 247 0.166667
15 24 0.05
15 26 0.058824
15 27 0.055556
15 37 0.052632
15 43 0.04
15 44 0.111111
15 50 0.066667
15 55 0.0625
15 56 0.066667
15 60 0.066667
15 69 0.142857
15 71 0.076923
15 76 0.076923
15 89 0.142857
15 92 0.076923
15 105 0.058824
15 112 0.111111
15 113 0.1
15 114 0.090909
15 118 0.142857
15 140 0.090909
15 141 0.2
15 163 0.166667
15 167 0.083333
15 183 0.2
15 194 0.166667
15 200 0.142857
15 224 0.125
15 245 0.166667
15 253 0.2
15 262 0.166667
15 266 0.142857
15 321 0.2
15 322 0.2
15 367 0.2
16 22 0.045455
16 28 0.071429
16 38 0.045455
16 55 0.0625
16 58 0.142857
16 59 0.055556
16 62 0.083333
16 64 0.166667
16 66 0.090909
16 68 0.047619
16 75 0.0625
16 80 0.083333
16 82 0.058824
16 107 0.076923
16 142 0.111111
16 152 0.142857
16 177 0.090909
16 185 0.125
16 201 0.1
16 205 0.2
16 220 0.166667
16 232 0.166667
16 239 0.2
16 267 0.125
16 295 0.142857
17 19 0.035714
17 20 0.033333
17 26 0.058824
17 32 0.142857
17 37 0.052632
17 46 0.038462
17 53 0.1
17 62 0.083333
17 63 0.1
17 74 0.111111
17 80 0.083333
17 89 0.142857
17 90 0.111111
17 102 0.125
17 105 0.058824
17 149 0.142857
17 223 0.166667
17 234 0.166667
17 278 0.2
17 281 0.2
17 298 0.142857
17 351 0.2
17 354 0.166667
17 365 0.2
17 371 0.2
17 374 0.2
18 21 0.0625
18 27 0.055556
18 32 0.142857
18 34 0.076923
18 35 0.125
18 42 0.1
18 43 0.04
18 55 0.0625
18 58 0.142857
18 60 0.066667
18 76 0.076923
18 84 0.05
18 88 0.125
18 97 0.125
18 122 0.142857
18 128 0.076923
18 137 0.111111
18 143 0.125
18 145 0.166667
18 157 0.125
18 161 0.142857
18 185 0.125
18 189 0.142857
18 191 0.142857
18 229 0.166667
18 244 0.142857
18 284 0.142857
18 357 0.2
19 22 0.045455
19 25 0.052632
19 30 0.052632
19 33 0.055556
19 35 0.125
19 65 0.05
19 91 0.125
19 103 0.090909
19 109 0.071429
19 111 0.1
19 156 0.111111
19 159 0.166667
19 163 0.166667
19 192 0.142857
19 235 0.142857
19 269 0.166667
19 292 0.2
19 306 0.2
19 318 0.142857
19 347 0.2
19 351 0.2
19 365 0.2
19 373 0.2
20 23 0.090909
20 27 0.055556
20 28 0.071429
20 36 0.066667
20 44 0.111111
20 45 0.052632
20 86 0.076923
20 88 0.125
20 116 0.090909
20 135 0.111111
20 139 0.076923
20 140 0.090909
20 142 0.111111
20 154 0.142857
20 162 0.2
20 175 0.125
20 194 0.166667
20 293 0.142857
20 301 0.142857
20 307 0.2
20 316 0.2
20 329 0.2
20 339 0.166667
20 347 0.2
20 380 0.2
21 23 0.090909
21 52 0.0625
21 54 0.058824
21 68 0.047619
21 115 0.090909
21 237 0.166667
21 270 0.2
21 275 0.166667
21 307 0.2
21 332 0.166667
21 337 0.166667
22 33 0.055556
22 36 0.066667
22 49 0.047619
22 88 0.125
22 89 0.142857
22 99 0.090909
22 103 0.090909
22 108 0.1
22 115 0.090909
22 173 0.111111
22 189 0.142857
22 200 0.142857
22 212 0.125
22 228 0.142857
22 244 0.142857
22 273 0.166667
22 304 0.2
23 76 0.076923
23 113 0.1
23 114 0.090909
23 181 0.1
23 194 0.166667
23 200 0.142857
24 36 0.066667
24 51 0.1
24 52 0.0625
24 98 0.125
24 167 0.083333
24 192 0.142857
24 217 0.166667
24 250 0.166667
24 263 0.166667
24 273 0.166667
24 275 0.166667
24 312 0.2
24 325 0.2
24 335 0.2
24 337 0.166667
25 26 0.058824
25 29 0.052632
25 53 0.1
25 107 0.076923
25 115 0.090909
25 118 0.142857
25 127 0.090909
25 208 0.166667
25 220 0.166667
25 221 0.166667
25 247 0.166667
25 267 0.125
25 277 0.2
25 362 0.2
26 36 0.066667
26 40 0.090909
26 43 0.04
26 55 0.0625
26 58 0.142857
26 76 0.076923
26 79 0.083333
26 122 0.142857
26 162 0.2
26 202 0.2
26 279 0.166667
26 301 0.142857
27 39 0.034483
27 63 0.1
27 83 0.076923
27 116 0.090909
27 122 0.142857
27 132 0.166667
27 155 0.083333
27 172 0.166667
27 217 0.166667
27 226 0.166667
27 238 0.2
27 309 0.2
27 312 0.2
28 47 0.0625
28 104 0.166667
28 160 0.111111
28 203 0.166667
28 260 0.2
28 265 0.166667
28 289 0.142857
28 354 0.166667
28 365 0.2
29 67 0.071429
29 68 0.047619
29 83 0.076923
29 124 0.111111
29 125 0.090909
29 130 0.111111
29 160 0.111111
29 173 0.111111
29 175 0.125
29 186 0.125
29 221 0.166667
29 266 0.142857
29 273 0.166667
29 279 0.166667
30 39 0.034483
30 52 0.0625
30 70 0.1
30 74 0.111111
30 95 0.083333
30 97 0.125
30 106 0.1
30 117 0.2
30 123 0.076923
30 169 0.125
30 173 0.111111
30 196 0.166667
30 294 0.142857
30 366 0.2
31 41 0.0625
31 76 0.076923
31 102 0.125
31 140 0.090909
31 178 0.142857
31 182 0.142857
31 202 0.2
31 208 0.166667
31 212 0.125
31 226 0.166667
31 234 0.166667
31 256 0.166667
31 374 0.2
32 40 0.090909
32 127 0.090909
33 46 0.038462
33 54 0.058824
33 77 0.125
33 103 0.090909
33 108 0.1
33 122 0.142857
33 128 0.076923
33 131 0.142857
33 134 0.090909
33 212 0.125
33 233 0.2
33 349 0.2
33 358 0.2
34 59 0.055556
34 85 0.142857
34 176 0.142857
34 213 0.142857
34 223 0.166667
34 226 0.166667
34 303 0.2
34 341 0.142857
35 94 0.090909
35 192 0.142857
35 322 0.2
36 48 0.071429
36 112 0.111111
36 139 0.076923
36 148 0.2
36 222 0.090909
36 276 0.142857
36 334 0.2
36 353 0.2
36 358 0.2
36 377 0.2
37 60 0.066667
37 71 0.076923
37 72 0.066667
37 89 0.142857
37 92 0.076923
37 98 0.125
37 100 0.125
37 109 0.071429
37 148 0.2
37 155 0.083333
37 174 0.125
37 202 0.2
37 217 0.166667
37 233 0.2
38 43 0.04
38 80 0.083333
38 87 0.0625
38 111 0.1
38 114 0.090909
38 117 0.2
38 145 0.166667
38 156 0.111111
38 160 0.111111
38 170 0.142857
38 188 0.166667
38 225 0.111111
38 242 0.142857
38 280 0.142857
38 288 0.2
38 297 0.2
38 353 0.2
39 40 0.090909
39 42 0.1
39 50 0.066667
39 56 0.066667
39 57 0.090909
39 59 0.055556
39 62 0.083333
39 79 0.083333
39 88 0.125
39 99 0.090909
39 134 0.090909
39 143 0.125
39 150 0.111111
39 152 0.142857
39 158 0.111111
39 161 0.142857
39 169 0.125
39 184 0.2
39 231 0.142857
39 239 0.2
39 272 0.166667
39 320 0.166667
39 351 0.2
39 366 0.2
40 41 0.0625
40 112 0.111111
40 186 0.125
40 209 0.2
40 250 0.166667
40 288 0.2
41 77 0.125
41 86 0.076923
41 188 0.166667
41 237 0.166667
41 247 0.166667
41 251 0.2
41 273 0.166667
41 289 0.142857
41 335 0.2
41 336 0.166667
41 343 0.166667
42 44 0.111111
42 59 0.055556
42 276 0.142857
42 298 0.142857
42 328 0.2
43 61 0.083333
43 62 0.083333
43 63 0.1
43 69 0.142857
43 70 0.1
43 108 0.1
43 120 0.142857
43 125 0.090909
43 156 0.111111
43 181 0.1
43 182 0.142857
43 202 0.2
43 238 0.2
43 274 0.2
43 293 0.142857
43 303 0.2
43 336 0.166667
43 347 0.2
43 355 0.2
43 357 0.2
44 48 0.071429
44 79 0.083333
44 211 0.166667
44 306 0.2
45 73 0.083333
45 98 0.125
45 103 0.090909
45 133 0.142857
45 189 0.142857
45 198 0.166667
45 222 0.090909
45 246 0.2
45 253 0.2
45 281 0.2
45 288 0.2
45 301 0.142857
45 316 0.2
45 319 0.166667
46 47 0.0625
46 48 0.071429
46 54 0.058824
46 61 0.083333
46 66 0.090909
46 84 0.05
46 110 0.111111
46 114 0.090909
46 118 0.142857
46 121 0.125
46 125 0.090909
46 132 0.166667
46 137 0.111111
46 146 0.142857
46 160 0.111111
46 193 0.142857
46 225 0.111111
46 298 0.142857
46 300 0.2
46 321 0.2
46 367 0.2
47 56 0.066667
47 87 0.0625
47 100 0.125
47 112 0.111111
47 123 0.076923
47 125 0.090909
47 147 0.166667
47 199 0.166667
47 324 0.166667
47 334 0.2
47 343 0.166667
48 54 0.058824
48 116 0.090909
48 172 0.166667
48 177 0.090909
48 180 0.166667
48 183 0.2
48 222 0.090909
48 303 0.2
48 320 0.166667
49 52 0.0625
49 69 0.142857
49 97 0.125
49 106 0.1
49 109 0.071429
49 113 0.1
49 147 0.166667
49 168 0.125
49 206 0.111111
49 210 0.142857
49 243 0.166667
49 262 0.166667
49 322 0.2
49 329 0.2
49 359 0.2
49 377 0.2
50 78 0.111111
50 96 0.125
50 153 0.166667
50 165 0.2
50 250 0.166667
50 260 0.2
50 280 0.142857
50 299 0.2
50 303 0.2
50 328 0.2
51 65 0.05
51 74 0.111111
51 162 0.2
51 206 0.111111
51 370 0.2
52 56 0.066667
52 151 0.090909
52 168 0.125
52 171 0.125
52 173 0.111111
52 239 0.2
52 252 0.2
52 269 0.166667
52 307 0.2
52 320 0.166667
52 376 0.2
53 70 0.1
53 147 0.166667
53 249 0.2
53 335 0.2
53 360 0.2
54 57 0.090909
54 99 0.090909
54 104 0.166667
54 105 0.058824
54 121 0.125
54 185 0.125
54 214 0.142857
54 257 0.166667
54 274 0.2
54 314 0.2
54 369 0.2
54 372 0.2
55 86 0.076923
55 87 0.0625
55 107 0.076923
55 119 0.0625
55 138 0.1
55 155 0.083333
55 182 0.142857
55 227 0.142857
55 251 0.2
55 253 0.2
55 347 0.2
56 58 0.142857
56 121 0.125
56 192 0.142857
56 203 0.166667
56 212 0.125
56 259 0.111111
56 281 0.2
56 288 0.2
56 348 0.2
56 359 0.2
57 90 0.111111
57 153 0.166667
57 171 0.125
57 300 0.2
57 345 0.2
57 356 0.2
58 158 0.111111
58 234 0.166667
59 64 0.166667
59 101 0.166667
59 115 0.090909
59 130 0.111111
59 184 0.2
59 191 0.142857
59 221 0.166667
59 262 0.166667
59 285 0.2
59 290 0.142857
59 296 0.2
59 339 0.166667
59 371 0.2
60 69 0.142857
60 75 0.0625
60 81 0.111111
60 91 0.125
60 93 0.083333
60 118 0.142857
60 123 0.076923
60 240 0.2
60 269 0.166667
60 379 0.2
61 93 0.083333
61 119 0.0625
61 133 0.142857
61 155 0.083333
61 209 0.2
61 278 0.2
61 344 0.2
62 63 0.1
62 64 0.166667
62 100 0.125
62 103 0.090909
62 295 0.142857
62 346 0.166667
62 376 0.2
63 78 0.111111
63 174 0.125
63 261 0.2
63 275 0.166667
63 360 0.2
64 138 0.1
65 102 0.125
65 119 0.0625
65 127 0.090909
65 132 0.166667
65 150 0.111111
65 213 0.142857
65 214 0.142857
65 220 0.166667
65 240 0.2
65 251 0.2
65 257 0.166667
65 258 0.166667
65 261 0.2
65 271 0.166667
65 343 0.166667
66 74 0.111111
66 90 0.111111
66 108 0.1
66 201 0.1
66 218 0.2
66 336 0.166667
67 82 0.058824
67 104 0.166667
67 112 0.111111
67 134 0.090909
67 152 0.142857
67 161 0.142857
67 266 0.142857
67 353 0.2
67 357 0.2
68 92 0.076923
68 110 0.111111
68 123 0.076923
68 128 0.076923
68 195 0.2
68 204 0.1
68 227 0.142857
68 232 0.166667
68 245 0.166667
68 255 0.166667
68 268 0.166667
68 292 0.2
68 294 0.142857
68 320 0.166667
68 324 0.166667
68 375 0.2
69 155 0.083333
69 306 0.2
70 79 0.083333
70 162 0.2
70 237 0.166667
70 330 0.2
70 344 0.2
71 78 0.111111
71 117 0.2
71 129 0.142857
71 200 0.142857
71 235 0.142857
71 339 0.166667
71 359 0.2
71 376 0.2
72 75 0.0625
72 106 0.1
72 153 0.166667
72 171 0.125
72 184 0.2
72 206 0.111111
72 218 0.2
72 278 0.2
72 296 0.2
72 354 0.166667
73 92 0.076923
73 136 0.166667
73 137 0.111111
73 138 0.1
73 220 0.166667
73 342 0.2
73 375 0.2
74 96 0.125
74 131 0.142857
74 291 0.166667
74 342 0.2
75 93 0.083333
75 95 0.083333
75 101 0.166667
75 159 0.166667
75 164 0.1
75 191 0.142857
75 243 0.166667
75 272 0.166667
75 313 0.166667
75 321 0.2
75 322 0.2
76 130 0.111111
76 141 0.2
76 187 0.2
76 286 0.2
76 296 0.2
76 315 0.2
76 330 0.2
76 345 0.2
77 90 0.111111
77 144 0.066667
77 151 0.090909
78 91 0.125
78 135 0.111111
78 146 0.142857
78 159 0.166667
79 84 0.05
79 106 0.1
79 165 0.2
79 176 0.142857
79 319 0.166667
79 323 0.2
79 352 0.2
80 109 0.071429
80 195 0.2
80 221 0.166667
80 282 0.2
80 325 0.2
80 334 0.2
80 371 0.2
81 85 0.142857
81 128 0.076923
81 246 0.2
81 349 0.2
82 119 0.0625
82 149 0.142857
82 177 0.090909
82 203 0.166667
82 205 0.2
82 213 0.142857
82 230 0.125
82 236 0.166667
82 242 0.142857
82 292 0.2
82 293 0.142857
82 332 0.166667
83 113 0.1
83 120 0.142857
83 129 0.142857
83 165 0.2
83 201 0.1
83 206 0.111111
83 216 0.166667
83 250 0.166667
84 87 0.0625
84 92 0.076923
84 96 0.125
84 136 0.166667
84 146 0.142857
84 170 0.142857
84 184 0.2
84 199 0.166667
84 211 0.166667
84 228 0.142857
84 259 0.111111
84 265 0.166667
84 333 0.166667
84 349 0.2
84 374 0.2
85 113 0.1
85 198 0.166667
86 131 0.142857
86 152 0.142857
86 168 0.125
86 174 0.125
86 209 0.2
86 210 0.142857
86 246 0.2
86 270 0.2
87 96 0.125
87 105 0.058824
87 123 0.076923
87 137 0.111111
87 175 0.125
87 254 0.166667
87 260 0.2
87 305 0.2
87 317 0.166667
87 358 0.2
87 373 0.2
88 118 0.142857
88 134 0.090909
88 222 0.090909
89 102 0.125
89 189 0.142857
90 99 0.090909
90 315 0.2
90 362 0.2
90 374 0.2
91 144 0.066667
91 190 0.166667
91 370 0.2
92 187 0.2
92 193 0.142857
92 250 0.166667
92 255 0.166667
92 262 0.166667
92 291 0.166667
92 310 0.166667
92 380 0.2
93 116 0.090909
93 141 0.2
93 181 0.1
93 293 0.142857
93 302 0.166667
93 331 0.2
93 377 0.2
94 117 0.2
94 120 0.142857
94 128 0.076923
94 258 0.166667
94 284 0.142857
94 286 0.2
95 130 0.111111
95 145 0.166667
95 157 0.125
95 166 0.142857
95 182 0.142857
95 197 0.125
95 220 0.166667
96 184 0.2
96 208 0.166667
96 272 0.166667
97 170 0.142857
97 269 0.166667
97 349 0.2
98 245 0.166667
98 257 0.166667
98 326 0.2
99 133 0.142857
99 142 0.111111
99 169 0.125
99 178 0.142857
99 183 0.2
99 286 0.2
100 143 0.125
100 149 0.142857
100 255 0.166667
101 331 0.2
102 311 0.166667
102 329 0.2
102 337 0.166667
103 207 0.166667
103 225 0.111111
103 263 0.166667
103 286 0.2
103 350 0.2
103 357 0.2
104 117 0.2
105 124 0.111111
105 131 0.142857
105 138 0.1
105 162 0.2
105 214 0.142857
105 218 0.2
105 253 0.2
105 258 0.166667
105 264 0.166667
105 284 0.142857
105 300 0.2
105 368 0.2
106 171 0.125
106 277 0.2
106 295 0.142857
106 316 0.2
106 334 0.2
107 195 0.2
107 205 0.2
107 219 0.166667
107 237 0.166667
107 275 0.166667
107 287 0.166667
107 325 0.2
107 366 0.2
108 146 0.142857
108 235 0.142857
108 245 0.166667
108 308 0.2
108 349 0.2
109 110 0.111111
109 133 0.142857
109 143 0.125
109 144 0.066667
109 149 0.142857
109 156 0.111111
109 259 0.111111
109 282 0.2
109 317 0.166667
110 134 0.090909
110 241 0.142857
110 254 0.166667
110 346 0.166667
111 188 0.166667
111 207 0.166667
111 209 0.2
111 240 0.2
111 378 0.2
112 136 0.166667
112 158 0.111111
112 179 0.166667
112 229 0.166667
113 135 0.111111
113 196 0.166667
113 222 0.090909
113 249 0.2
113 340 0.166667
114 179 0.166667
114 190 0.166667
114 233 0.2
114 256 0.166667
114 329 0.2
114 374 0.2
115 258 0.166667
115 261 0.2
115 272 0.166667
115 287 0.166667
115 304 0.2
115 350 0.2
116 124 0.111111
116 127 0.090909
116 163 0.166667
116 210 0.142857
116 213 0.142857
116 214 0.142857
118 150 0.111111
118 338 0.2
119 120 0.142857
119 152 0.142857
119 187 0.2
119 216 0.166667
119 236 0.166667
119 261 0.2
119 272 0.166667
119 308 0.2
119 313 0.166667
119 344 0.2
119 365 0.2
120 177 0.090909
120 232 0.166667
121 125 0.090909
121 126 0.142857
121 310 0.166667
122 241 0.142857
122 242 0.142857
123 136 0.166667
123 157 0.125
123 170 0.142857
123 174 0.125
123 185 0.125
123 279 0.166667
123 319 0.166667
123 363 0.2
124 137 0.111111
124 207 0.166667
124 294 0.142857
124 361 0.2
125 144 0.066667
125 186 0.125
125 219 0.166667
125 251 0.2
125 296 0.2
125 352 0.2
126 171 0.125
126 360 0.2
127 133 0.142857
127 212 0.125
127 230 0.125
127 257 0.166667
127 276 0.142857
127 307 0.2
128 140 0.090909
128 147 0.166667
128 187 0.2
128 231 0.142857
128 233 0.2
128 248 0.166667
128 256 0.166667
128 284 0.142857
129 151 0.090909
129 154 0.142857
130 165 0.2
130 167 0.083333
130 219 0.166667
130 327 0.2
131 135 0.111111
131 185 0.125
132 338 0.2
133 139 0.076923
133 215 0.142857
134 139 0.076923
134 215 0.142857
134 271 0.166667
134 277 0.2
134 312 0.2
134 331 0.2
135 182 0.142857
135 188 0.166667
135 213 0.142857
135 285 0.2
136 280 0.142857
137 138 0.1
137 211 0.166667
137 215 0.142857
137 270 0.2
138 150 0.111111
138 178 0.142857
138 208 0.166667
138 265 0.166667
138 311 0.166667
139 145 0.166667
139 149 0.142857
139 165 0.2
139 229 0.166667
139 279 0.166667
139 317 0.166667
139 328 0.2
139 378 0.2
140 166 0.142857
140 183 0.2
140 186 0.125
140 190 0.166667
140 309 0.2
140 380 0.2
142 238 0.2
142 243 0.166667
142 346 0.166667
142 381 0.2
143 204 0.1
143 218 0.2
143 263 0.166667
144 161 0.142857
144 164 0.1
144 198 0.166667
144 211 0.166667
144 273 0.166667
144 294 0.142857
144 310 0.166667
144 312 0.2
144 314 0.2
144 357 0.2
145 183 0.2
146 167 0.083333
146 308 0.2
147 187 0.2
149 154 0.142857
149 198 0.166667
150 189 0.142857
150 304 0.2
150 305 0.2
150 346 0.166667
151 153 0.166667
151 159 0.166667
151 306 0.2
151 310 0.166667
151 323 0.2
151 326 0.2
152 191 0.142857
152 346 0.166667
153 290 0.142857
154 156 0.111111
154 294 0.142857
155 199 0.166667
155 202 0.2
155 224 0.125
155 236 0.166667
155 241 0.142857
155 263 0.166667
155 283 0.2
156 210 0.142857
156 218 0.2
156 300 0.2
156 341 0.142857
157 238 0.2
157 289 0.142857
157 364 0.2
158 160 0.111111
158 169 0.125
158 298 0.142857
158 330 0.2
159 373 0.2
160 216 0.166667
160 228 0.142857
160 280 0.142857
160 375 0.2
161 315 0.2
161 355 0.2
163 335 0.2
164 180 0.166667
164 247 0.166667
164 251 0.2
164 295 0.142857
164 355 0.2
166 342 0.2
166 381 0.2
167 175 0.125
167 203 0.166667
167 240 0.2
167 275 0.166667
167 316 0.2
167 358 0.2
167 369 0.2
168 200 0.142857
168 278 0.2
168 323 0.2
169 219 0.166667
169 236 0.166667
169 243 0.166667
170 282 0.2
170 293 0.142857
171 195 0.2
171 208 0.166667
171 227 0.142857
172 211 0.166667
173 175 0.125
173 232 0.166667
173 258 0.166667
173 365 0.2
174 309 0.2
174 318 0.142857
174 322 0.2
175 254 0.166667
175 355 0.2
175 376 0.2
176 249 0.2
176 283 0.2
177 209 0.2
177 248 0.166667
177 262 0.166667
177 271 0.166667
177 299 0.2
177 377 0.2
178 235 0.142857
178 306 0.2
179 193 0.142857
180 351 0.2
181 224 0.125
181 299 0.2
181 319 0.166667
181 358 0.2
181 361 0.2
182 242 0.142857
182 350 0.2
185 198 0.166667
185 310 0.166667
185 368 0.2
186 234 0.166667
186 336 0.166667
186 364 0.2
188 341 0.142857
189 264 0.166667
189 368 0.2
190 379 0.2
191 194 0.166667
191 239 0.2
192 229 0.166667
192 323 0.2
193 317 0.166667
193 352 0.2
194 362 0.2
196 348 0.2
197 263 0.166667
197 301 0.142857
197 318 0.142857
198 288 0.2
199 283 0.2
200 207 0.166667
200 266 0.142857
201 246 0.2
201 261 0.2
201 267 0.125
201 315 0.2
201 353 0.2
203 243 0.166667
204 228 0.142857
204 255 0.166667
204 290 0.142857
204 313 0.166667
204 320 0.166667
206 217 0.166667
206 254 0.166667
206 318 0.142857
206 360 0.2
207 343 0.166667
208 252 0.2
210 324 0.166667
210 376 0.2
211 369 0.2
212 219 0.166667
212 290 0.142857
212 369 0.2
213 229 0.166667
213 260 0.2
214 224 0.125
214 231 0.142857
215 228 0.142857
215 361 0.2
216 370 0.2
217 311 0.166667
219 324 0.166667
220 223 0.166667
221 277 0.2
222 227 0.142857
222 231 0.142857
222 249 0.2
222 313 0.166667
222 350 0.2
222 356 0.2
223 248 0.166667
224 254 0.166667
224 329 0.2
224 333 0.166667
225 268 0.166667
225 287 0.166667
225 356 0.2
225 381 0.2
226 230 0.125
227 289 0.142857
227 327 0.2
228 287 0.166667
228 356 0.2
229 284 0.142857
230 232 0.166667
230 304 0.2
230 381 0.2
231 341 0.142857
231 352 0.2
232 290 0.142857
234 259 0.111111
235 269 0.166667
235 270 0.2
236 348 0.2
237 304 0.2
241 351 0.2
241 371 0.2
242 264 0.166667
242 291 0.166667
243 314 0.2
244 330 0.2
244 331 0.2
245 303 0.2
247 363 0.2
248 339 0.166667
250 285 0.2
254 311 0.166667
255 333 0.166667
256 364 0.2
257 309 0.2
258 291 0.166667
259 266 0.142857
259 305 0.2
259 345 0.2
259 363 0.2
262 366 0.2
263 315 0.2
264 326 0.2
265 340 0.166667
266 296 0.2
266 375 0.2
267 281 0.2
267 336 0.166667
267 372 0.2
268 335 0.2
269 302 0.166667
271 318 0.142857
272 333 0.166667
273 317 0.166667
275 370 0.2
276 319 0.166667
276 373 0.2
279 375 0.2
280 312 0.2
280 356 0.2
284 292 0.2
284 355 0.2
287 333 0.166667
289 327 0.2
289 353 0.2
290 302 0.166667
290 305 0.2
291 332 0.166667
293 326 0.2
293 362 0.2
294 340 0.166667
294 369 0.2
295 314 0.2
295 360 0.2
298 316 0.2
298 372 0.2
301 332 0.166667
301 372 0.2
302 308 0.2
310 354 0.166667
311 359 0.2
313 380 0.2
317 373 0.2
318 323 0.2
318 337 0.166667
319 377 0.2
320 340 0.166667
324 345 0.2
332 363 0.2
333 341 0.142857
336 363 0.2
337 366 0.2
339 343 0.166667
340 370 0.2
341 367 0.2
341 381 0.2
343 361 0.2
346 378 0.2
354 367 0.2
5 0 0.052632
7 0 0.052632
9 0 0.052632
27 0 0.052632
30 0 0.052632
61 0 0.052632
67 0 0.052632
71 0 0.052632
75 0 0.052632
82 0 0.052632
83 0 0.052632
141 0 0.052632
145 0 0.052632
180 0 0.052632
193 0 0.052632
197 0 0.052632
285 0 0.052632
331 0 0.052632
344 0 0.052632
5 1 0.020408
6 1 0.020408
8 1 0.020408
9 1 0.020408
10 1 0.020408
15 1 0.020408
18 1 0.020408
19 1 0.020408
21 1 0.020408
23 1 0.020408
29 1 0.020408
31 1 0.020408
34 1 0.020408
38 1 0.020408
43 1 0.020408
45 1 0.020408
49 1 0.020408
50 1 0.020408
54 1 0.020408
57 1 0.020408
60 1 0.020408
72 1 0.020408
73 1 0.020408
85 1 0.020408
94 1 0.020408
97 1 0.020408
98 1 0.020408
129 1 0.020408
130 1 0.020408
135 1 0.020408
148 1 0.020408
153 1 0.020408
173 1 0.020408
177 1 0.020408
178 1 0.020408
181 1 0.020408
191 1 0.020408
199 1 0.020408
201 1 0.020408
207 1 0.020408
216 1 0.020408
223 1 0.020408
231 1 0.020408
241 1 0.020408
271 1 0.020408
285 1 0.020408
307 1 0.020408
347 1 0.020408
378 1 0.020408
5 2 0.071429
6 2 0.071429
12 2 0.071429
17 2 0.071429
19 2 0.071429
25 2 0.071429
30 2 0.071429
81 2 0.071429
98 2 0.071429
102 2 0.071429
193 2 0.071429
201 2 0.071429
252 2 0.071429
302 2 0.071429
5 3 0.029412
6 3 0.029412
7 3 0.029412
8 3 0.029412
11 3 0.029412
12 3 0.029412
16 3 0.029412
20 3 0.029412
34 3 0.029412
35 3 0.029412
47 3 0.029412
61 3 0.029412
65 3 0.029412
66 3 0.029412
67 3 0.029412
72 3 0.029412
82 3 0.029412
90 3 0.029412
140 3 0.029412
142 3 0.029412
164 3 0.029412
172 3 0.029412
176 3 0.029412
179 3 0.029412
205 3 0.029412
246 3 0.029412
253 3 0.029412
259 3 0.029412
267 3 0.029412
274 3 0.029412
327 3 0.029412
348 3 0.029412
368 3 0.029412
380 3 0.029412
5 4 0.026316
6 4 0.026316
7 4 0.026316
9 4 0.026316
13 4 0.026316
15 4 0.026316
17 4 0.026316
18 4 0.026316
21 4 0.026316
23 4 0.026316
31 4 0.026316
37 4 0.026316
46 4 0.026316
53 4 0.026316
59 4 0.026316
73 4 0.026316
75 4 0.026316
80 4 0.026316
83 4 0.026316
85 4 0.026316
86 4 0.026316
88 4 0.026316
94 4 0.026316
105 4 0.026316
107 4 0.026316
139 4 0.026316
141 4 0.026316
150 4 0.026316
166 4 0.026316
172 4 0.026316
176 4 0.026316
217 4 0.026316
230 4 0.026316
247 4 0.026316
252 4 0.026316
278 4 0.026316
292 4 0.026316
352 4 0.026316
6 5 0.014925
7 5 0.014925
8 5 0.014925
10 5 0.014925
11 5 0.014925
13 5 0.014925
16 5 0.014925
19 5 0.014925
20 5 0.014925
24 5 0.014925
25 5 0.014925
28 5 0.014925
29 5 0.014925
30 5 0.014925
31 5 0.014925
32 5 0.014925
34 5 0.014925
38 5 0.014925
41 5 0.014925
45 5 0.014925
47 5 0.014925
48 5 0.014925
51 5 0.014925
52 5 0.014925
53 5 0.014925
66 5 0.014925
67 5 0.014925
72 5 0.014925
77 5 0.014925
91 5 0.014925
93 5 0.014925
104 5 0.014925
108 5 0.014925
110 5 0.014925
111 5 0.014925
119 5 0.014925
120 5 0.014925
124 5 0.014925
126 5 0.014925
132 5 0.014925
136 5 0.014925
144 5 0.014925
146 5 0.014925
157 5 0.014925
166 5 0.014925
174 5 0.014925
197 5 0.014925
204 5 0.014925
205 5 0.014925
241 5 0.014925
249 5 0.014925
255 5 0.014925
264 5 0.014925
268 5 0.014925
279 5 0.014925
280 5 0.014925
282 5 0.014925
286 5 0.014925
287 5 0.014925
313 5 0.014925
367 5 0.014925
372 5 0.014925
7 6 0.02439
8 6 0.02439
9 6 0.02439
10 6 0.02439
13 6 0.02439
14 6 0.02439
20 6 0.02439
22 6 0.02439
24 6 0.02439
31 6 0.02439
39 6 0.02439
42 6 0.02439
44 6 0.02439
45 6 0.02439
46 6 0.02439
49 6 0.02439
51 6 0.02439
58 6 0.02439
68 6 0.02439
80 6 0.02439
100 6 0.02439
101 6 0.02439
111 6 0.02439
121 6 0.02439
195 6 0.02439
196 6 0.02439
221 6 0.02439
227 6 0.02439
237 6 0.02439
244 6 0.02439
257 6 0.02439
271 6 0.02439
297 6 0.02439
338 6 0.02439
344 6 0.02439
379 6 0.02439
8 7 0.025
9 7 0.025
10 7 0.025
11 7 0.025
12 7 0.025
16 7 0.025
17 7 0.025
18 7 0.025
24 7 0.025
37 7 0.025
40 7 0.025
51 7 0.025
67 7 0.025
71 7 0.025
84 7 0.025
126 7 0.025
129 7 0.025
147 7 0.025
154 7 0.025
157 7 0.025
158 7 0.025
176 7 0.025
179 7 0.025
204 7 0.025
216 7 0.025
223 7 0.025
230 7 0.025
234 7 0.025
244 7 0.025
248 7 0.025
260 7 0.025
274 7 0.025
276 7 0.025
332 7 0.025
379 7 0.025
11 8 0.021277
12 8 0.021277
13 8 0.021277
14 8 0.021277
15 8 0.021277
16 8 0.021277
26 8 0.021277
31 8 0.021277
33 8 0.021277
41 8 0.021277
45 8 0.021277
49 8 0.021277
53 8 0.021277
63 8 0.021277
71 8 0.021277
77 8 0.021277
78 8 0.021277
93 8 0.021277
95 8 0.021277
99 8 0.021277
101 8 0.021277
104 8 0.021277
114 8 0.021277
121 8 0.021277
124 8 0.021277
142 8 0.021277
163 8 0.021277
169 8 0.021277
180 8 0.021277
194 8 0.021277
204 8 0.021277
206 8 0.021277
214 8 0.021277
225 8 0.021277
235 8 0.021277
256 8 0.021277
295 8 0.021277
297 8 0.021277
298 8 0.021277
321 8 0.021277
326 8 0.021277
361 8 0.021277
10 9 0.016667
11 9 0.016667
13 9 0.016667
14 9 0.016667
15 9 0.016667
17 9 0.016667
21 9 0.016667
25 9 0.016667
28 9 0.016667
29 9 0.016667
30 9 0.016667
32 9 0.016667
35 9 0.016667
42 9 0.016667
44 9 0.016667
56 9 0.016667
65 9 0.016667
69 9 0.016667
70 9 0.016667
73 9 0.016667
78 9 0.016667
81 9 0.016667
85 9 0.016667
86 9 0.016667
95 9 0.016667
100 9 0.016667
106 9 0.016667
107 9 0.016667
110 9 0.016667
111 9 0.016667
126 9 0.016667
129 9 0.016667
131 9 0.016667
143 9 0.016667
151 9 0.016667
163 9 0.016667
164 9 0.016667
178 9 0.016667
186 9 0.016667
190 9 0.016667
196 9 0.016667
210 9 0.016667
215 9 0.016667
238 9 0.016667
242 9 0.016667
256 9 0.016667
270 9 0.016667
321 9 0.016667
327 9 0.016667
328 9 0.016667
337 9 0.016667
339 9 0.016667
350 9 0.016667
354 9 0.016667
359 9 0.016667
12 10 0.020408
20 10 0.020408
21 10 0.020408
28 10 0.020408
29 10 0.020408
33 10 0.020408
35 10 0.020408
37 10 0.020408
39 10 0.020408
40 10 0.020408
47 10 0.020408
50 10 0.020408
61 10 0.020408
64 10 0.020408
65 10 0.020408
70 10 0.020408
72 10 0.020408
79 10 0.020408
83 10 0.020408
89 10 0.020408
97 10 0.020408
127 10 0.020408
148 10 0.020408
161 10 0.020408
166 10 0.020408
167 10 0.020408
168 10 0.020408
181 10 0.020408
215 10 0.020408
240 10 0.020408
245 10 0.020408
248 10 0.020408
264 10 0.020408
268 10 0.020408
276 10 0.020408
283 10 0.020408
297 10 0.020408
301 10 0.020408
328 10 0.020408
334 10 0.020408
338 10 0.020408
348 10 0.020408
364 10 0.020408
368 10 0.020408
22 11 0.038462
46 11 0.038462
55 11 0.038462
57 11 0.038462
60 11 0.038462
68 11 0.038462
73 11 0.038462
95 11 0.038462
96 11 0.038462
115 11 0.038462
116 11 0.038462
122 11 0.038462
148 11 0.038462
151 11 0.038462
154 11 0.038462
197 11 0.038462
199 11 0.038462
281 11 0.038462
305 11 0.038462
324 11 0.038462
379 11 0.038462
14 12 0.029412
15 12 0.029412
19 12 0.029412
24 12 0.029412
25 12 0.029412
32 12 0.029412
39 12 0.029412
49 12 0.029412
62 12 0.029412
66 12 0.029412
77 12 0.029412
81 12 0.029412
84 12 0.029412
87 12 0.029412
94 12 0.029412
164 12 0.029412
190 12 0.029412
196 12 0.029412
226 12 0.029412
236 12 0.029412
244 12 0.029412
265 12 0.029412
277 12 0.029412
283 12 0.029412
299 12 0.029412
325 12 0.029412
342 12 0.029412
345 12 0.029412
378 12 0.029412
14 13 0.016393
17 13 0.016393
18 13 0.016393
22 13 0.016393
26 13 0.016393
27 13 0.016393
33 13 0.016393
34 13 0.016393
38 13 0.016393
42 13 0.016393
48 13 0.016393
50 13 0.016393
57 13 0.016393
64 13 0.016393
82 13 0.016393
91 13 0.016393
126 13 0.016393
132 13 0.016393
158 13 0.016393
159 13 0.016393
168 13 0.016393
170 13 0.016393
172 13 0.016393
179 13 0.016393
180 13 0.016393
188 13 0.016393
197 13 0.016393
203 13 0.016393
224 13 0.016393
226 13 0.016393
233 13 0.016393
239 13 0.016393
252 13 0.016393
265 13 0.016393
267 13 0.016393
268 13 0.016393
274 13 0.016393
282 13 0.016393
289 13 0.016393
291 13 0.016393
297 13 0.016393
299 13 0.016393
300 13 0.016393
302 13 0.016393
308 13 0.016393
309 13 0.016393
311 13 0.016393
314 13 0.016393
325 13 0.016393
330 13 0.016393
338 13 0.016393
340 13 0.016393
342 13 0.016393
362 13 0.016393
364 13 0.016393
371 13 0.016393
16 14 0.05
18 14 0.05
23 14 0.05
36 14 0.05
38 14 0.05
41 14 0.05
51 14 0.05
74 14 0.05
81 14 0.05
94 14 0.05
101 14 0.05
109 14 0.05
192 14 0.05
225 14 0.05
247 14 0.05
24 15 0.025
26 15 0.025
27 15 0.025
37 15 0.025
43 15 0.025
44 15 0.025
50 15 0.025
55 15 0.025
56 15 0.025
60 15 0.025
69 15 0.025
71 15 0.025
76 15 0.025
89 15 0.025
92 15 0.025
105 15 0.025
112 15 0.025
113 15 0.025
114 15 0.025
118 15 0.025
140 15 0.025
141 15 0.025
163 15 0.025
167 15 0.025
183 15 0.025
194 15 0.025
200 15 0.025
224 15 0.025
245 15 0.025
253 15 0.025
262 15 0.025
266 15 0.025
321 15 0.025
322 15 0.025
367 15 0.025
22 16 0.033333
28 16 0.033333
38 16 0.033333
55 16 0.033333
58 16 0.033333
59 16 0.033333
62 16 0.033333
64 16 0.033333
66 16 0.033333
68 16 0.033333
75 16 0.033333
80 16 0.033333
82 16 0.033333
107 16 0.033333
142 16 0.033333
152 16 0.033333
177 16 0.033333
185 16 0.033333
201 16 0.033333
205 16 0.033333
220 16 0.033333
232 16 0.033333
239 16 0.033333
267 16 0.033333
295 16 0.033333
19 17 0.032258
20 17 0.032258
26 17 0.032258
32 17 0.032258
37 17 0.032258
46 17 0.032258
53 17 0.032258
62 17 0.032258
63 17 0.032258
74 17 0.032258
80 17 0.032258
89 17 0.032258
90 17 0.032258
102 17 0.032258
105 17 0.032258
149 17 0.032258
223 17 0.032258
234 17 0.032258
278 17 0.032258
281 17 0.032258
298 17 0.032258
351 17 0.032258
354 17 0.032258
365 17 0.032258
371 17 0.032258
374 17 0.032258
21 18 0.030303
27 18 0.030303
32 18 0.030303
34 18 0.030303
35 18 0.030303
42 18 0.030303
43 18 0.030303
55 18 0.030303
58 18 0.030303
60 18 0.030303
76 18 0.030303
84 18 0.030303
88 18 0.030303
97 18 0.030303
122 18 0.030303
128 18 0.030303
137 18 0.030303
143 18 0.030303
145 18 0.030303
157 18 0.030303
161 18 0.030303
185 18 0.030303
189 18 0.030303
191 18 0.030303
229 18 0.030303
244 18 0.030303
284 18 0.030303
357 18 0.030303
22 19 0.035714
25 19 0.035714
30 19 0.035714
33 19 0.035714
35 19 0.035714
65 19 0.035714
91 19 0.035714
103 19 0.035714
109 19 0.035714
111 19 0.035714
156 19 0.035714
159 19 0.035714
163 19 0.035714
192 19 0.035714
235 19 0.035714
269 19 0.035714
292 19 0.035714
306 19 0.035714
318 19 0.035714
347 19 0.035714
351 19 0.035714
365 19 0.035714
373 19 0.035714
23 20 0.033333
27 20 0.033333
28 20 0.033333
36 20 0.033333
44 20 0.033333
45 20 0.033333
86 20 0.033333
88 20 0.033333
116 20 0.033333
135 20 0.033333
139 20 0.033333
140 20 0.033333
142 20 0.033333
154 20 0.033333
162 20 0.033333
175 20 0.033333
194 20 0.033333
293 20 0.033333
301 20 0.033333
307 20 0.033333
316 20 0.033333
329 20 0.033333
339 20 0.033333
347 20 0.033333
380 20 0.033333
23 21 0.0625
52 21 0.0625
54 21 0.0625
68 21 0.0625
115 21 0.0625
237 21 0.0625
270 21 0.0625
275 21 0.0625
307 21 0.0625
332 21 0.0625
337 21 0.0625
33 22 0.045455
36 22 0.045455
49 22 0.045455
88 22 0.045455
89 22 0.045455
99 22 0.045455
103 22 0.045455
108 22 0.045455
115 22 0.045455
173 22 0.045455
189 22 0.045455
200 22 0.045455
212 22 0.045455
228 22 0.045455
244 22 0.045455
273 22 0.045455
304 22 0.045455
76 23 0.090909
113 23 0.090909
114 23 0.090909
181 23 0.090909
194 23 0.090909
200 23 0.090909
36 24 0.05
51 24 0.05
52 24 0.05
98 24 0.05
167 24 0.05
192 24 0.05
217 24 0.05
250 24 0.05
263 24 0.05
273 24 0.05
275 24 0.05
312 24 0.05
325 24 0.05
335 24 0.05
337 24 0.05
26 25 0.052632
29 25 0.052632
53 25 0.052632
107 25 0.052632
115 25 0.052632
118 25 0.052632
127 25 0.052632
208 25 0.052632
220 25 0.052632
221 25 0.052632
247 25 0.052632
267 25 0.052632
277 25 0.052632
362 25 0.052632
36 26 0.058824
40 26 0.058824
43 26 0.058824
55 26 0.058824
58 26 0.058824
76 26 0.058824
79 26 0.058824
122 26 0.058824
162 26 0.058824
202 26 0.058824
279 26 0.058824
301 26 0.058824
39 27 0.055556
63 27 0.055556
83 27 0.055556
116 27 0.055556
122 27 0.055556
132 27 0.055556
155 27 0.055556
172 27 0.055556
217 27 0.055556
226 27 0.055556
238 27 0.055556
309 27 0.055556
312 27 0.055556
47 28 0.071429
104 28 0.071429
160 28 0.071429
203 28 0.071429
260 28 0.071429
265 28 0.071429
289 28 0.071429
354 28 0.071429
365 28 0.071429
67 29 0.052632
68 29 0.052632
83 29 0.052632
124 29 0.052632
125 29 0.052632
130 29 0.052632
160 29 0.052632
173 29 0.052632
175 29 0.052632
186 29 0.052632
221 29 0.052632
266 29 0.052632
273 29 0.052632
279 29 0.052632
39 30 0.052632
52 30 0.052632
70 30 0.052632
74 30 0.052632
95 30 0.052632
97 30 0.052632
106 30 0.052632
117 30 0.052632
123 30 0.052632
169 30 0.052632
173 30 0.052632
196 30 0.052632
294 30 0.052632
366 30 0.052632
41 31 0.055556
76 31 0.055556
102 31 0.055556
140 31 0.055556
178 31 0.055556
182 31 0.055556
202 31 0.055556
208 31 0.055556
212 31 0.055556
226 31 0.055556
234 31 0.055556
256 31 0.055556
374 31 0.055556
40 32 0.142857
127 32 0.142857
46 33 0.055556
54 33 0.055556
77 33 0.055556
103 33 0.055556
108 33 0.055556
122 33 0.055556
128 33 0.055556
131 33 0.055556
134 33 0.055556
212 33 0.055556
233 33 0.055556
349 33 0.055556
358 33 0.055556
59 34 0.076923
85 34 0.076923
176 34 0.076923
213 34 0.076923
223 34 0.076923
226 34 0.076923
303 34 0.076923
341 34 0.076923
94 35 0.125
192 35 0.125
322 35 0.125
48 36 0.066667
112 36 0.066667
139 36 0.066667
148 36 0.066667
222 36 0.066667
276 36 0.066667
334 36 0.066667
353 36 0.066667
358 36 0.066667
377 36 0.066667
60 37 0.052632
71 37 0.052632
72 37 0.052632
89 37 0.052632
92 37 0.052632
98 37 0.052632
100 37 0.052632
109 37 0.052632
148 37 0.052632
155 37 0.052632
174 37 0.052632
202 37 0.052632
217 37 0.052632
233 37 0.052632
43 38 0.045455
80 38 0.045455
87 38 0.045455
111 38 0.045455
114 38 0.045455
117 38 0.045455
145 38 0.045455
156 38 0.045455
160 38 0.045455
170 38 0.045455
188 38 0.045455
225 38 0.045455
242 38 0.045455
280 38 0.045455
288 38 0.045455
297 38 0.045455
353 38 0.045455
40 39 0.034483
42 39 0.034483
50 39 0.034483
56 39 0.034483
57 39 0.034483
59 39 0.034483
62 39 0.034483
79 39 0.034483
88 39 0.034483
99 39 0.034483
134 39 0.034483
143 39 0.034483
150 39 0.034483
152 39 0.034483
158 39 0.034483
161 39 0.034483
169 39 0.034483
184 39 0.034483
231 39 0.034483
239 39 0.034483
272 39 0.034483
320 39 0.034483
351 39 0.034483
366 39 0.034483
41 40 0.090909
112 40 0.090909
186 40 0.090909
209 40 0.090909
250 40 0.090909
288 40 0.090909
77 41 0.0625
86 41 0.0625
188 41 0.0625
237 41 0.0625
247 41 0.0625
251 41 0.0625
273 41 0.0625
289 41 0.0625
335 41 0.0625
336 41 0.0625
343 41 0.0625
44 42 0.1
59 42 0.1
276 42 0.1
298 42 0.1
328 42 0.1
61 43 0.04
62 43 0.04
63 43 0.04
69 43 0.04
70 43 0.04
108 43 0.04
120 43 0.04
125 43 0.04
156 43 0.04
181 43 0.04
182 43 0.04
202 43 0.04
238 43 0.04
274 43 0.04
293 43 0.04
303 43 0.04
336 43 0.04
347 43 0.04
355 43 0.04
357 43 0.04
48 44 0.111111
79 44 0.111111
211 44 0.111111
306 44 0.111111
73 45 0.052632
98 45 0.052632
103 45 0.052632
133 45 0.052632
189 45 0.052632
198 45 0.052632
222 45 0.052632
246 45 0.052632
253 45 0.052632
281 45 0.052632
288 45 0.052632
301 45 0.052632
316 45 0.052632
319 45 0.052632
47 46 0.038462
48 46 0.038462
54 46 0.038462
61 46 0.038462
66 46 0.038462
84 46 0.038462
110 46 0.038462
114 46 0.038462
118 46 0.038462
121 46 0.038462
125 46 0.038462
132 46 0.038462
137 46 0.038462
146 46 0.038462
160 46 0.038462
193 46 0.038462
225 46 0.038462
298 46 0.038462
300 46 0.038462
321 46 0.038462
367 46 0.038462
56 47 0.0625
87 47 0.0625
100 47 0.0625
112 47 0.0625
123 47 0.0625
125 47 0.0625
147 47 0.0625
199 47 0.0625
324 47 0.0625
334 47 0.0625
343 47 0.0625
54 48 0.071429
116 48 0.071429
172 48 0.071429
177 48 0.071429
180 48 0.071429
183 48 0.071429
222 48 0.071429
303 48 0.071429
320 48 0.071429
52 49 0.047619
69 49 0.047619
97 49 0.047619
106 49 0.047619
109 49 0.047619
113 49 0.047619
147 49 0.047619
168 49 0.047619
206 49 0.047619
210 49 0.047619
243 49 0.047619
262 49 0.047619
322 49 0.047619
329 49 0.047619
359 49 0.047619
377 49 0.047619
78 50 0.066667
96 50 0.066667
153 50 0.066667
165 50 0.066667
250 50 0.066667
260 50 0.066667
280 50 0.066667
299 50 0.066667
303 50 0.066667
328 50 0.066667
65 51 0.1
74 51 0.1
162 51 0.1
206 51 0.1
370 51 0.1
56 52 0.0625
151 52 0.0625
168 52 0.0625
171 52 0.0625
173 52 0.0625
239 52 0.0625
252 52 0.0625
269 52 0.0625
307 52 0.0625
320 52 0.0625
376 52 0.0625
70 53 0.1
147 53 0.1
249 53 0.1
335 53 0.1
360 53 0.1
57 54 0.058824
99 54 0.058824
104 54 0.058824
105 54 0.058824
121 54 0.058824
185 54 0.058824
214 54 0.058824
257 54 0.058824
274 54 0.058824
314 54 0.058824
369 54 0.058824
372 54 0.058824
86 55 0.0625
87 55 0.0625
107 55 0.0625
119 55 0.0625
138 55 0.0625
155 55 0.0625
182 55 0.0625
227 55 0.0625
251 55 0.0625
253 55 0.0625
347 55 0.0625
58 56 0.066667
121 56 0.066667
192 56 0.066667
203 56 0.066667
212 56 0.066667
259 56 0.066667
281 56 0.066667
288 56 0.066667
348 56 0.066667
359 56 0.066667
90 57 0.090909
153 57 0.090909
171 57 0.090909
300 57 0.090909
345 57 0.090909
356 57 0.090909
158 58 0.142857
234 58 0.142857
64 59 0.055556
101 59 0.055556
115 59 0.055556
130 59 0.055556
184 59 0.055556
191 59 0.055556
221 59 0.055556
262 59 0.055556
285 59 0.055556
290 59 0.055556
296 59 0.055556
339 59 0.055556
371 59 0.055556
69 60 0.066667
75 60 0.066667
81 60 0.066667
91 60 0.066667
93 60 0.066667
118 60 0.066667
123 60 0.066667
240 60 0.066667
269 60 0.066667
379 60 0.066667
93 61 0.083333
119 61 0.083333
133 61 0.083333
155 61 0.083333
209 61 0.083333
278 61 0.083333
344 61 0.083333
63 62 0.083333
64 62 0.083333
100 62 0.083333
103 62 0.083333
295 62 0.083333
346 62 0.083333
376 62 0.083333
78 63 0.1
174 63 0.1
261 63 0.1
275 63 0.1
360 63 0.1
138 64 0.166667
102 65 0.05
119 65 0.05
127 65 0.05
132 65 0.05
150 65 0.05
213 65 0.05
214 65 0.05
220 65 0.05
240 65 0.05
251 65 0.05
257 65 0.05
258 65 0.05
261 65 0.05
271 65 0.05
343 65 0.05
74 66 0.090909
90 66 0.090909
108 66 0.090909
201 66 0.090909
218 66 0.090909
336 66 0.090909
82 67 0.071429
104 67 0.071429
112 67 0.071429
134 67 0.071429
152 67 0.071429
161 67 0.071429
266 67 0.071429
353 67 0.071429
357 67 0.071429
92 68 0.047619
110 68 0.047619
123 68 0.047619
128 68 0.047619
195 68 0.047619
204 68 0.047619
227 68 0.047619
232 68 0.047619
245 68 0.047619
255 68 0.047619
268 68 0.047619
292 68 0.047619
294 68 0.047619
320 68 0.047619
324 68 0.047619
375 68 0.047619
155 69 0.142857
306 69 0.142857
79 70 0.1
162 70 0.1
237 70 0.1
330 70 0.1
344 70 0.1
78 71 0.076923
117 71 0.076923
129 71 0.076923
200 71 0.076923
235 71 0.076923
339 71 0.076923
359 71 0.076923
376 71 0.076923
75 72 0.066667
106 72 0.066667
153 72 0.066667
171 72 0.066667
184 72 0.066667
206 72 0.066667
218 72 0.066667
278 72 0.066667
296 72 0.066667
354 72 0.066667
92 73 0.083333
136 73 0.083333
137 73 0.083333
138 73 0.083333
220 73 0.083333
342 73 0.083333
375 73 0.083333
96 74 0.111111
131 74 0.111111
291 74 0.111111
342 74 0.111111
93 75 0.0625
95 75 0.0625
101 75 0.0625
159 75 0.0625
164 75 0.0625
191 75 0.0625
243 75 0.0625
272 75 0.0625
313 75 0.0625
321 75 0.0625
322 75 0.0625
130 76 0.076923
141 76 0.076923
187 76 0.076923
286 76 0.076923
296 76 0.076923
315 76 0.076923
330 76 0.076923
345 76 0.076923
90 77 0.125
144 77 0.125
151 77 0.125
91 78 0.111111
135 78 0.111111
146 78 0.111111
159 78 0.111111
84 79 0.083333
106 79 0.083333
165 79 0.083333
176 79 0.083333
319 79 0.083333
323 79 0.083333
352 79 0.083333
109 80 0.083333
195 80 0.083333
221 80 0.083333
282 80 0.083333
325 80 0.083333
334 80 0.083333
371 80 0.083333
85 81 0.111111
128 81 0.111111
246 81 0.111111
349 81 0.111111
119 82 0.058824
149 82 0.058824
177 82 0.058824
203 82 0.058824
205 82 0.058824
213 82 0.058824
230 82 0.058824
236 82 0.058824
242 82 0.058824
292 82 0.058824
293 82 0.058824
332 82 0.058824
113 83 0.076923
120 83 0.076923
129 83 0.076923
165 83 0.076923
201 83 0.076923
206 83 0.076923
216 83 0.076923
250 83 0.076923
87 84 0.05
92 84 0.05
96 84 0.05
136 84 0.05
146 84 0.05
170 84 0.05
184 84 0.05
199 84 0.05
211 84 0.05
228 84 0.05
259 84 0.05
265 84 0.05
333 84 0.05
349 84 0.05
374 84 0.05
113 85 0.142857
198 85 0.142857
131 86 0.076923
152 86 0.076923
168 86 0.076923
174 86 0.076923
209 86 0.076923
210 86 0.076923
246 86 0.076923
270 86 0.076923
96 87 0.0625
105 87 0.0625
123 87 0.0625
137 87 0.0625
175 87 0.0625
254 87 0.0625
260 87 0.0625
305 87 0.0625
317 87 0.0625
358 87 0.0625
373 87 0.0625
118 88 0.125
134 88 0.125
222 88 0.125
102 89 0.142857
189 89 0.142857
99 90 0.111111
315 90 0.111111
362 90 0.111111
374 90 0.111111
144 91 0.125
190 91 0.125
370 91 0.125
187 92 0.076923
193 92 0.076923
250 92 0.076923
255 92 0.076923
262 92 0.076923
291 92 0.076923
310 92 0.076923
380 92 0.076923
116 93 0.083333
141 93 0.083333
181 93 0.083333
293 93 0.083333
302 93 0.083333
331 93 0.083333
377 93 0.083333
117 94 0.090909
120 94 0.090909
128 94 0.090909
258 94 0.090909
284 94 0.090909
286 94 0.090909
130 95 0.083333
145 95 0.083333
157 95 0.083333
166 95 0.083333
182 95 0.083333
197 95 0.083333
220 95 0.083333
184 96 0.125
208 96 0.125
272 96 0.125
170 97 0.125
269 97 0.125
349 97 0.125
245 98 0.125
257 98 0.125
326 98 0.125
133 99 0.090909
142 99 0.090909
169 99 0.090909
178 99 0.090909
183 99 0.090909
286 99 0.090909
143 100 0.125
149 100 0.125
255 100 0.125
331 101 0.166667
311 102 0.125
329 102 0.125
337 102 0.125
207 103 0.090909
225 103 0.090909
263 103 0.090909
286 103 0.090909
350 103 0.090909
357 103 0.090909
117 104 0.166667
124 105 0.058824
131 105 0.058824
138 105 0.058824
162 105 0.058824
214 105 0.058824
218 105 0.058824
253 105 0.058824
258 105 0.058824
264 105 0.058824
284 105 0.058824
300 105 0.058824
368 105 0.058824
171 106 0.1
277 106 0.1
295 106 0.1
316 106 0.1
334 106 0.1
195 107 0.076923
205 107 0.076923
219 107 0.076923
237 107 0.076923
275 107 0.076923
287 107 0.076923
325 107 0.076923
366 107 0.076923
146 108 0.1
235 108 0.1
245 108 0.1
308 108 0.1
349 108 0.1
110 109 0.071429
133 109 0.071429
143 109 0.071429
144 109 0.071429
149 109 0.071429
156 109 0.071429
259 109 0.071429
282 109 0.071429
317 109 0.071429
134 110 0.111111
241 110 0.111111
254 110 0.111111
346 110 0.111111
188 111 0.1
207 111 0.1
209 111 0.1
240 111 0.1
378 111 0.1
136 112 0.111111
158 112 0.111111
179 112 0.111111
229 112 0.111111
135 113 0.1
196 113 0.1
222 113 0.1
249 113 0.1
340 113 0.1
179 114 0.090909
190 114 0.090909
233 114 0.090909
256 114 0.090909
329 114 0.090909
374 114 0.090909
258 115 0.090909
261 115 0.090909
272 115 0.090909
287 115 0.090909
304 115 0.090909
350 115 0.090909
124 116 0.090909
127 116 0.090909
163 116 0.090909
210 116 0.090909
213 116 0.090909
214 116 0.090909
150 118 0.142857
338 118 0.142857
120 119 0.0625
152 119 0.0625
187 119 0.0625
216 119 0.0625
236 119 0.0625
261 119 0.0625
272 119 0.0625
308 119 0.0625
313 119 0.0625
344 119 0.0625
365 119 0.0625
177 120 0.142857
232 120 0.142857
125 121 0.125
126 121 0.125
310 121 0.125
241 122 0.142857
242 122 0.142857
136 123 0.076923
157 123 0.076923
170 123 0.076923
174 123 0.076923
185 123 0.076923
279 123 0.076923
319 123 0.076923
363 123 0.076923
137 124 0.111111
207 124 0.111111
294 124 0.111111
361 124 0.111111
144 125 0.090909
186 125 0.090909
219 125 0.090909
251 125 0.090909
296 125 0.090909
352 125 0.090909
171 126 0.142857
360 126 0.142857
133 127 0.090909
212 127 0.090909
230 127 0.090909
257 127 0.090909
276 127 0.090909
307 127 0.090909
140 128 0.076923
147 128 0.076923
187 128 0.076923
231 128 0.076923
233 128 0.076923
248 128 0.076923
256 128 0.076923
284 128 0.076923
151 129 0.142857
154 129 0.142857
165 130 0.111111
167 130 0.111111
219 130 0.111111
327 130 0.111111
135 131 0.142857
185 131 0.142857
338 132 0.166667
139 133 0.142857
215 133 0.142857
139 134 0.090909
215 134 0.090909
271 134 0.090909
277 134 0.090909
312 134 0.090909
331 134 0.090909
182 135 0.111111
188 135 0.111111
213 135 0.111111
285 135 0.111111
280 136 0.166667
138 137 0.111111
211 137 0.111111
215 137 0.111111
270 137 0.111111
150 138 0.1
178 138 0.1
208 138 0.1
265 138 0.1
311 138 0.1
145 139 0.076923
149 139 0.076923
165 139 0.076923
229 139 0.076923
279 139 0.076923
317 139 0.076923
328 139 0.076923
378 139 0.076923
166 140 0.090909
183 140 0.090909
186 140 0.090909
190 140 0.090909
309 140 0.090909
380 140 0.090909
238 142 0.111111
243 142 0.111111
346 142 0.111111
381 142 0.111111
204 143 0.125
218 143 0.125
263 143 0.125
161 144 0.066667
164 144 0.066667
198 144 0.066667
211 144 0.066667
273 144 0.066667
294 144 0.066667
310 144 0.066667
312 144 0.066667
314 144 0.066667
357 144 0.066667
183 145 0.166667
167 146 0.142857
308 146 0.142857
187 147 0.166667
154 149 0.142857
198 149 0.142857
189 150 0.111111
304 150 0.111111
305 150 0.111111
346 150 0.111111
153 151 0.090909
159 151 0.090909
306 151 0.090909
310 151 0.090909
323 151 0.090909
326 151 0.090909
191 152 0.142857
346 152 0.142857
290 153 0.166667
156 154 0.142857
294 154 0.142857
199 155 0.083333
202 155 0.083333
224 155 0.083333
236 155 0.083333
241 155 0.083333
263 155 0.083333
283 155 0.083333
210 156 0.111111
218 156 0.111111
300 156 0.111111
341 156 0.111111
238 157 0.125
289 157 0.125
364 157 0.125
160 158 0.111111
169 158 0.111111
298 158 0.111111
330 158 0.111111
373 159 0.166667
216 160 0.111111
228 160 0.111111
280 160 0.111111
375 160 0.111111
315 161 0.142857
355 161 0.142857
335 163 0.166667
180 164 0.1
247 164 0.1
251 164 0.1
295 164 0.1
355 164 0.1
342 166 0.142857
381 166 0.142857
175 167 0.083333
203 167 0.083333
240 167 0.083333
275 167 0.083333
316 167 0.083333
358 167 0.083333
369 167 0.083333
200 168 0.125
278 168 0.125
323 168 0.125
219 169 0.125
236 169 0.125
243 169 0.125
282 170 0.142857
293 170 0.142857
195 171 0.125
208 171 0.125
227 171 0.125
211 172 0.166667
175 173 0.111111
232 173 0.111111
258 173 0.111111
365 173 0.111111
309 174 0.125
318 174 0.125
322 174 0.125
254 175 0.125
355 175 0.125
376 175 0.125
249 176 0.142857
283 176 0.142857
209 177 0.090909
248 177 0.090909
262 177 0.090909
271 177 0.090909
299 177 0.090909
377 177 0.090909
235 178 0.142857
306 178 0.142857
193 179 0.166667
351 180 0.166667
224 181 0.1
299 181 0.1
319 181 0.1
358 181 0.1
361 181 0.1
242 182 0.142857
350 182 0.142857
198 185 0.125
310 185 0.125
368 185 0.125
234 186 0.125
336 186 0.125
364 186 0.125
341 188 0.166667
264 189 0.142857
368 189 0.142857
379 190 0.166667
194 191 0.142857
239 191 0.142857
229 192 0.142857
323 192 0.142857
317 193 0.142857
352 193 0.142857
362 194 0.166667
348 196 0.166667
263 197 0.125
301 197 0.125
318 197 0.125
288 198 0.166667
283 199 0.166667
207 200 0.142857
266 200 0.142857
246 201 0.1
261 201 0.1
267 201 0.1
315 201 0.1
353 201 0.1
243 203 0.166667
228 204 0.1
255 204 0.1
290 204 0.1
313 204 0.1
320 204 0.1
217 206 0.111111
254 206 0.111111
318 206 0.111111
360 206 0.111111
343 207 0.166667
252 208 0.166667
324 210 0.142857
376 210 0.142857
369 211 0.166667
219 212 0.125
290 212 0.125
369 212 0.125
229 213 0.142857
260 213 0.142857
224 214 0.142857
231 214 0.142857
228 215 0.142857
361 215 0.142857
370 216 0.166667
311 217 0.166667
324 219 0.166667
223 220 0.166667
277 221 0.166667
227 222 0.090909
231 222 0.090909
249 222 0.090909
313 222 0.090909
350 222 0.090909
356 222 0.090909
248 223 0.166667
254 224 0.125
329 224 0.125
333 224 0.125
268 225 0.111111
287 225 0.111111
356 225 0.111111
381 225 0.111111
230 226 0.166667
289 227 0.142857
327 227 0.142857
287 228 0.142857
356 228 0.142857
284 229 0.166667
232 230 0.125
304 230 0.125
381 230 0.125
341 231 0.142857
352 231 0.142857
290 232 0.166667
259 234 0.166667
269 235 0.142857
270 235 0.142857
348 236 0.166667
304 237 0.166667
351 241 0.142857
371 241 0.142857
264 242 0.142857
291 242 0.142857
314 243 0.166667
330 244 0.142857
331 244 0.142857
303 245 0.166667
363 247 0.166667
339 248 0.166667
285 250 0.166667
311 254 0.166667
333 255 0.166667
364 256 0.166667
309 257 0.166667
291 258 0.166667
266 259 0.111111
305 259 0.111111
345 259 0.111111
363 259 0.111111
366 262 0.166667
315 263 0.166667
326 264 0.166667
340 265 0.166667
296 266 0.142857
375 266 0.142857
281 267 0.125
336 267 0.125
372 267 0.125
335 268 0.166667
302 269 0.166667
318 271 0.166667
333 272 0.166667
317 273 0.166667
370 275 0.166667
319 276 0.142857
373 276 0.142857
375 279 0.166667
312 280 0.142857
356 280 0.142857
292 284 0.142857
355 284 0.142857
333 287 0.166667
327 289 0.142857
353 289 0.142857
302 290 0.142857
305 290 0.142857
332 291 0.166667
326 293 0.142857
362 293 0.142857
340 294 0.142857
369 294 0.142857
314 295 0.142857
360 295 0.142857
316 298 0.142857
372 298 0.142857
332 301 0.142857
372 301 0.142857
308 302 0.166667
354 310 0.166667
359 311 0.166667
380 313 0.166667
373 317 0.166667
323 318 0.142857
337 318 0.142857
377 319 0.166667
340 320 0.166667
345 324 0.166667
363 332 0.166667
341 333 0.166667
363 336 0.166667
366 337 0.166667
343 339 0.166667
370 340 0.166667
367 341 0.142857
381 341 0.142857
361 343 0.166667
378 346 0.166667
367 354 0.166667
