0 5 0.037037
0 6 0.02439
0 7 0.043478
0 15 0.1
0 17 0.111111
0 25 0.058824
0 28 0.142857
0 43 0.090909
0 44 0.142857
0 48 0.090909
0 50 0.111111
0 52 0.166667
0 60 0.166667
0 63 0.166667
0 67 0.142857
0 68 0.166667
0 79 0.166667
0 81 0.142857
0 89 0.166667
0 95 0.2
0 98 0.2
0 120 0.2
1 5 0.037037
1 6 0.02439
1 8 0.033333
1 9 0.027778
1 16 0.055556
1 18 0.071429
1 19 0.071429
1 22 0.083333
1 24 0.066667
1 27 0.071429
1 41 0.2
1 47 0.166667
1 54 0.142857
1 64 0.166667
1 68 0.166667
1 71 0.142857
1 81 0.142857
1 96 0.166667
1 99 0.2
1 101 0.2
1 105 0.142857
2 5 0.037037
2 6 0.02439
2 7 0.043478
2 9 0.027778
2 13 0.055556
2 16 0.055556
2 18 0.071429
2 19 0.071429
2 20 0.066667
2 21 0.041667
2 22 0.083333
2 24 0.066667
2 28 0.142857
2 36 0.142857
2 41 0.2
2 52 0.166667
2 53 0.2
3 5 0.037037
3 7 0.043478
3 8 0.033333
3 19 0.071429
3 35 0.125
3 44 0.142857
3 89 0.166667
3 90 0.166667
3 105 0.142857
3 113 0.2
4 5 0.037037
4 6 0.02439
4 10 0.047619
4 11 0.047619
4 12 0.055556
4 13 0.055556
4 14 0.1
4 19 0.071429
4 20 0.066667
4 27 0.071429
4 29 0.1
4 35 0.125
4 42 0.083333
4 46 0.166667
4 51 0.090909
4 54 0.142857
4 59 0.142857
4 62 0.142857
4 73 0.142857
4 74 0.2
4 99 0.2
4 115 0.166667
4 117 0.2
5 6 0.02439
5 7 0.043478
5 8 0.033333
5 9 0.027778
5 10 0.047619
5 12 0.055556
5 20 0.066667
5 25 0.058824
5 26 0.090909
5 42 0.083333
5 43 0.090909
5 44 0.142857
5 57 0.142857
5 66 0.142857
5 68 0.166667
5 73 0.142857
5 86 0.142857
5 90 0.166667
5 91 0.125
5 113 0.2
5 115 0.166667
5 118 0.2
6 7 0.043478
6 8 0.033333
6 9 0.027778
6 11 0.047619
6 12 0.055556
6 13 0.055556
6 14 0.1
6 15 0.1
6 16 0.055556
6 18 0.071429
6 21 0.041667
6 26 0.090909
6 27 0.071429
6 28 0.142857
6 32 0.111111
6 33 0.083333
6 36 0.142857
6 38 0.166667
6 42 0.083333
6 45 0.111111
6 55 0.076923
6 58 0.142857
6 65 0.142857
6 72 0.166667
6 75 0.2
6 76 0.142857
6 77 0.125
6 78 0.166667
6 79 0.166667
6 80 0.125
6 84 0.166667
6 86 0.142857
6 102 0.2
6 104 0.166667
6 107 0.2
6 110 0.166667
7 8 0.033333
7 10 0.047619
7 11 0.047619
7 22 0.083333
7 24 0.066667
7 25 0.058824
7 30 0.1
7 31 0.076923
7 34 0.166667
7 39 0.090909
7 45 0.111111
7 49 0.083333
7 51 0.090909
7 74 0.2
7 83 0.2
7 89 0.166667
7 93 0.2
7 111 0.2
8 9 0.027778
8 10 0.047619
8 14 0.1
8 15 0.1
8 18 0.071429
8 19 0.071429
8 20 0.066667
8 26 0.090909
8 27 0.071429
8 28 0.142857
8 34 0.166667
8 35 0.125
8 36 0.142857
8 41 0.2
8 42 0.083333
8 43 0.090909
8 49 0.083333
8 56 0.125
8 82 0.2
8 87 0.166667
8 89 0.166667
8 97 0.166667
8 104 0.166667
8 111 0.2
8 119 0.2
9 10 0.047619
9 11 0.047619
9 12 0.055556
9 13 0.055556
9 14 0.1
9 17 0.111111
9 22 0.083333
9 25 0.058824
9 28 0.142857
9 31 0.076923
9 33 0.083333
9 37 0.076923
9 38 0.166667
9 40 0.090909
9 44 0.142857
9 45 0.111111
9 46 0.166667
9 49 0.083333
9 56 0.125
9 57 0.142857
9 58 0.142857
9 67 0.142857
9 75 0.2
9 85 0.2
9 87 0.166667
9 96 0.166667
9 99 0.2
9 100 0.2
9 102 0.2
9 114 0.2
9 117 0.2
10 11 0.047619
10 12 0.055556
10 17 0.111111
10 21 0.041667
10 22 0.083333
10 29 0.1
10 33 0.083333
10 34 0.166667
10 35 0.125
10 52 0.166667
10 56 0.125
10 71 0.142857
10 75 0.2
10 83 0.2
10 90 0.166667
10 117 0.2
11 13 0.055556
11 14 0.1
11 15 0.1
11 16 0.055556
11 20 0.066667
11 29 0.1
11 31 0.076923
11 57 0.142857
11 58 0.142857
11 72 0.166667
11 83 0.2
11 85 0.2
11 92 0.142857
11 100 0.2
11 106 0.2
11 107 0.2
12 18 0.071429
12 21 0.041667
12 30 0.1
12 37 0.076923
12 38 0.166667
12 45 0.111111
12 57 0.142857
12 60 0.166667
12 66 0.142857
12 77 0.125
12 79 0.166667
12 92 0.142857
12 114 0.2
13 15 0.1
13 23 0.090909
13 29 0.1
13 32 0.111111
13 48 0.090909
13 59 0.142857
13 61 0.166667
13 78 0.166667
13 91 0.125
13 93 0.2
13 95 0.2
13 96 0.166667
13 118 0.2
14 16 0.055556
14 17 0.111111
14 59 0.142857
14 97 0.166667
14 100 0.2
15 23 0.090909
15 43 0.090909
15 55 0.076923
15 65 0.142857
15 107 0.2
16 17 0.111111
16 23 0.090909
16 31 0.076923
16 36 0.142857
16 37 0.076923
16 43 0.090909
16 49 0.083333
16 61 0.166667
16 63 0.166667
16 65 0.142857
16 68 0.166667
16 85 0.2
16 97 0.166667
17 24 0.066667
17 32 0.111111
17 40 0.090909
17 73 0.142857
18 21 0.041667
18 24 0.066667
18 26 0.090909
18 30 0.1
18 41 0.2
18 52 0.166667
18 77 0.125
18 79 0.166667
18 110 0.166667
19 35 0.125
19 39 0.090909
19 48 0.090909
19 63 0.166667
19 81 0.142857
19 82 0.2
19 101 0.2
19 104 0.166667
19 120 0.2
20 33 0.083333
20 38 0.166667
20 39 0.090909
20 42 0.083333
20 46 0.166667
20 47 0.166667
20 97 0.166667
20 103 0.2
20 107 0.2
20 110 0.166667
21 23 0.090909
21 25 0.058824
21 26 0.090909
21 32 0.111111
21 34 0.166667
21 50 0.111111
21 52 0.166667
21 61 0.166667
21 62 0.142857
21 64 0.166667
21 70 0.2
21 71 0.142857
21 74 0.2
21 84 0.166667
21 86 0.142857
21 98 0.2
21 103 0.2
21 104 0.166667
21 113 0.2
22 23 0.090909
22 40 0.090909
22 51 0.090909
22 57 0.142857
22 69 0.2
22 93 0.2
22 118 0.2
23 31 0.076923
23 34 0.166667
23 37 0.076923
23 62 0.142857
23 91 0.125
23 118 0.2
24 30 0.1
24 39 0.090909
24 50 0.111111
24 53 0.2
24 69 0.2
24 70 0.2
24 88 0.166667
24 94 0.166667
24 103 0.2
24 110 0.166667
25 27 0.071429
25 36 0.142857
25 41 0.2
25 47 0.166667
25 50 0.111111
25 54 0.142857
25 56 0.125
25 70 0.2
25 76 0.142857
25 82 0.2
25 92 0.142857
25 107 0.2
26 37 0.076923
26 53 0.2
26 54 0.142857
26 61 0.166667
26 78 0.166667
26 83 0.2
27 29 0.1
27 39 0.090909
27 49 0.083333
27 50 0.111111
27 60 0.166667
27 62 0.142857
27 83 0.2
27 102 0.2
27 109 0.2
28 40 0.090909
28 86 0.142857
29 30 0.1
29 32 0.111111
29 47 0.166667
29 63 0.166667
29 80 0.125
30 45 0.111111
30 46 0.166667
30 59 0.142857
30 88 0.166667
30 120 0.2
31 59 0.142857
31 73 0.142857
31 90 0.166667
31 95 0.2
31 109 0.2
31 115 0.166667
31 117 0.2
31 119 0.2
32 33 0.083333
32 76 0.142857
32 77 0.125
32 85 0.2
33 51 0.090909
33 63 0.166667
33 65 0.142857
33 66 0.142857
33 69 0.2
33 88 0.166667
33 106 0.2
34 109 0.2
35 76 0.142857
35 90 0.166667
35 100 0.2
36 80 0.125
36 97 0.166667
37 38 0.166667
37 53 0.2
37 55 0.076923
37 67 0.142857
37 87 0.166667
37 105 0.142857
37 106 0.2
37 117 0.2
38 71 0.142857
39 40 0.090909
39 48 0.090909
39 51 0.090909
39 85 0.2
39 93 0.2
39 111 0.2
40 46 0.166667
40 54 0.142857
40 55 0.076923
40 72 0.166667
40 78 0.166667
40 94 0.166667
42 44 0.142857
42 47 0.166667
42 48 0.090909
42 56 0.125
42 66 0.142857
42 92 0.142857
42 96 0.166667
43 58 0.142857
43 60 0.166667
43 68 0.166667
43 88 0.166667
43 99 0.2
43 116 0.2
44 58 0.142857
44 101 0.2
45 80 0.125
45 112 0.2
45 113 0.2
45 116 0.2
46 94 0.166667
47 64 0.166667
48 60 0.166667
48 61 0.166667
48 64 0.166667
48 80 0.125
48 91 0.125
48 108 0.166667
49 67 0.142857
49 75 0.2
49 81 0.142857
49 82 0.2
49 86 0.142857
49 109 0.2
49 112 0.2
50 67 0.142857
50 70 0.2
50 106 0.2
50 108 0.166667
51 53 0.2
51 55 0.076923
51 69 0.2
51 74 0.2
51 92 0.142857
51 115 0.166667
52 112 0.2
54 64 0.166667
54 71 0.142857
55 66 0.142857
55 73 0.142857
55 76 0.142857
55 91 0.125
55 105 0.142857
55 109 0.2
55 111 0.2
55 115 0.166667
56 69 0.2
56 72 0.166667
56 101 0.2
57 105 0.142857
57 120 0.2
58 62 0.142857
58 110 0.166667
59 74 0.2
59 94 0.166667
60 94 0.166667
61 102 0.2
62 65 0.142857
62 84 0.166667
63 88 0.166667
64 93 0.2
65 84 0.166667
65 119 0.2
66 78 0.166667
66 81 0.142857
67 70 0.2
67 87 0.166667
68 72 0.166667
71 75 0.2
71 77 0.125
72 89 0.166667
73 100 0.2
73 108 0.166667
76 98 0.2
76 114 0.2
77 79 0.166667
77 82 0.2
77 87 0.166667
78 108 0.166667
79 120 0.2
80 95 0.2
80 103 0.2
80 119 0.2
81 84 0.166667
81 95 0.2
84 101 0.2
86 108 0.166667
86 118 0.2
87 104 0.166667
88 116 0.2
89 103 0.2
90 102 0.2
91 96 0.166667
91 112 0.2
91 114 0.2
92 99 0.2
92 111 0.2
94 98 0.2
96 98 0.2
97 119 0.2
104 106 0.2
105 112 0.2
105 113 0.2
108 114 0.2
110 116 0.2
115 116 0.2
5 0 0.045455
6 0 0.045455
7 0 0.045455
15 0 0.045455
17 0 0.045455
25 0 0.045455
28 0 0.045455
43 0 0.045455
44 0 0.045455
48 0 0.045455
50 0 0.045455
52 0 0.045455
60 0 0.045455
63 0 0.045455
67 0 0.045455
68 0 0.045455
79 0 0.045455
81 0 0.045455
89 0 0.045455
95 0 0.045455
98 0 0.045455
120 0 0.045455
5 1 0.047619
6 1 0.047619
8 1 0.047619
9 1 0.047619
16 1 0.047619
18 1 0.047619
19 1 0.047619
22 1 0.047619
24 1 0.047619
27 1 0.047619
41 1 0.047619
47 1 0.047619
54 1 0.047619
64 1 0.047619
68 1 0.047619
71 1 0.047619
81 1 0.047619
96 1 0.047619
99 1 0.047619
101 1 0.047619
105 1 0.047619
5 2 0.058824
6 2 0.058824
7 2 0.058824
9 2 0.058824
13 2 0.058824
16 2 0.058824
18 2 0.058824
19 2 0.058824
20 2 0.058824
21 2 0.058824
22 2 0.058824
24 2 0.058824
28 2 0.058824
36 2 0.058824
41 2 0.058824
52 2 0.058824
53 2 0.058824
5 3 0.1
7 3 0.1
8 3 0.1
19 3 0.1
35 3 0.1
44 3 0.1
89 3 0.1
90 3 0.1
105 3 0.1
113 3 0.1
5 4 0.043478
6 4 0.043478
10 4 0.043478
11 4 0.043478
12 4 0.043478
13 4 0.043478
14 4 0.043478
19 4 0.043478
20 4 0.043478
27 4 0.043478
29 4 0.043478
35 4 0.043478
42 4 0.043478
46 4 0.043478
51 4 0.043478
54 4 0.043478
59 4 0.043478
62 4 0.043478
73 4 0.043478
74 4 0.043478
99 4 0.043478
115 4 0.043478
117 4 0.043478
6 5 0.037037
7 5 0.037037
8 5 0.037037
9 5 0.037037
10 5 0.037037
12 5 0.037037
20 5 0.037037
25 5 0.037037
26 5 0.037037
42 5 0.037037
43 5 0.037037
44 5 0.037037
57 5 0.037037
66 5 0.037037
68 5 0.037037
73 5 0.037037
86 5 0.037037
90 5 0.037037
91 5 0.037037
113 5 0.037037
115 5 0.037037
118 5 0.037037
7 6 0.02439
8 6 0.02439
9 6 0.02439
11 6 0.02439
12 6 0.02439
13 6 0.02439
14 6 0.02439
15 6 0.02439
16 6 0.02439
18 6 0.02439
21 6 0.02439
26 6 0.02439
27 6 0.02439
28 6 0.02439
32 6 0.02439
33 6 0.02439
36 6 0.02439
38 6 0.02439
42 6 0.02439
45 6 0.02439
55 6 0.02439
58 6 0.02439
65 6 0.02439
72 6 0.02439
75 6 0.02439
76 6 0.02439
77 6 0.02439
78 6 0.02439
79 6 0.02439
80 6 0.02439
84 6 0.02439
86 6 0.02439
102 6 0.02439
104 6 0.02439
107 6 0.02439
110 6 0.02439
8 7 0.043478
10 7 0.043478
11 7 0.043478
22 7 0.043478
24 7 0.043478
25 7 0.043478
30 7 0.043478
31 7 0.043478
34 7 0.043478
39 7 0.043478
45 7 0.043478
49 7 0.043478
51 7 0.043478
74 7 0.043478
83 7 0.043478
89 7 0.043478
93 7 0.043478
111 7 0.043478
9 8 0.033333
10 8 0.033333
14 8 0.033333
15 8 0.033333
18 8 0.033333
19 8 0.033333
20 8 0.033333
26 8 0.033333
27 8 0.033333
28 8 0.033333
34 8 0.033333
35 8 0.033333
36 8 0.033333
41 8 0.033333
42 8 0.033333
43 8 0.033333
49 8 0.033333
56 8 0.033333
82 8 0.033333
87 8 0.033333
89 8 0.033333
97 8 0.033333
104 8 0.033333
111 8 0.033333
119 8 0.033333
10 9 0.027778
11 9 0.027778
12 9 0.027778
13 9 0.027778
14 9 0.027778
17 9 0.027778
22 9 0.027778
25 9 0.027778
28 9 0.027778
31 9 0.027778
33 9 0.027778
37 9 0.027778
38 9 0.027778
40 9 0.027778
44 9 0.027778
45 9 0.027778
46 9 0.027778
49 9 0.027778
56 9 0.027778
57 9 0.027778
58 9 0.027778
67 9 0.027778
75 9 0.027778
85 9 0.027778
87 9 0.027778
96 9 0.027778
99 9 0.027778
100 9 0.027778
102 9 0.027778
114 9 0.027778
117 9 0.027778
11 10 0.047619
12 10 0.047619
17 10 0.047619
21 10 0.047619
22 10 0.047619
29 10 0.047619
33 10 0.047619
34 10 0.047619
35 10 0.047619
52 10 0.047619
56 10 0.047619
71 10 0.047619
75 10 0.047619
83 10 0.047619
90 10 0.047619
117 10 0.047619
13 11 0.047619
14 11 0.047619
15 11 0.047619
16 11 0.047619
20 11 0.047619
29 11 0.047619
31 11 0.047619
57 11 0.047619
58 11 0.047619
72 11 0.047619
83 11 0.047619
85 11 0.047619
92 11 0.047619
100 11 0.047619
106 11 0.047619
107 11 0.047619
18 12 0.055556
21 12 0.055556
30 12 0.055556
37 12 0.055556
38 12 0.055556
45 12 0.055556
57 12 0.055556
60 12 0.055556
66 12 0.055556
77 12 0.055556
79 12 0.055556
92 12 0.055556
114 12 0.055556
15 13 0.055556
23 13 0.055556
29 13 0.055556
32 13 0.055556
48 13 0.055556
59 13 0.055556
61 13 0.055556
78 13 0.055556
91 13 0.055556
93 13 0.055556
95 13 0.055556
96 13 0.055556
118 13 0.055556
16 14 0.1
17 14 0.1
59 14 0.1
97 14 0.1
100 14 0.1
23 15 0.1
43 15 0.1
55 15 0.1
65 15 0.1
107 15 0.1
17 16 0.055556
23 16 0.055556
31 16 0.055556
36 16 0.055556
37 16 0.055556
43 16 0.055556
49 16 0.055556
61 16 0.055556
63 16 0.055556
65 16 0.055556
68 16 0.055556
85 16 0.055556
97 16 0.055556
24 17 0.111111
32 17 0.111111
40 17 0.111111
73 17 0.111111
21 18 0.071429
24 18 0.071429
26 18 0.071429
30 18 0.071429
41 18 0.071429
52 18 0.071429
77 18 0.071429
79 18 0.071429
110 18 0.071429
35 19 0.071429
39 19 0.071429
48 19 0.071429
63 19 0.071429
81 19 0.071429
82 19 0.071429
101 19 0.071429
104 19 0.071429
120 19 0.071429
33 20 0.066667
38 20 0.066667
39 20 0.066667
42 20 0.066667
46 20 0.066667
47 20 0.066667
97 20 0.066667
103 20 0.066667
107 20 0.066667
110 20 0.066667
23 21 0.041667
25 21 0.041667
26 21 0.041667
32 21 0.041667
34 21 0.041667
50 21 0.041667
52 21 0.041667
61 21 0.041667
62 21 0.041667
64 21 0.041667
70 21 0.041667
71 21 0.041667
74 21 0.041667
84 21 0.041667
86 21 0.041667
98 21 0.041667
103 21 0.041667
104 21 0.041667
113 21 0.041667
23 22 0.083333
40 22 0.083333
51 22 0.083333
57 22 0.083333
69 22 0.083333
93 22 0.083333
118 22 0.083333
31 23 0.090909
34 23 0.090909
37 23 0.090909
62 23 0.090909
91 23 0.090909
118 23 0.090909
30 24 0.066667
39 24 0.066667
50 24 0.066667
53 24 0.066667
69 24 0.066667
70 24 0.066667
88 24 0.066667
94 24 0.066667
103 24 0.066667
110 24 0.066667
27 25 0.058824
36 25 0.058824
41 25 0.058824
47 25 0.058824
50 25 0.058824
54 25 0.058824
56 25 0.058824
70 25 0.058824
76 25 0.058824
82 25 0.058824
92 25 0.058824
107 25 0.058824
37 26 0.090909
53 26 0.090909
54 26 0.090909
61 26 0.090909
78 26 0.090909
83 26 0.090909
29 27 0.071429
39 27 0.071429
49 27 0.071429
50 27 0.071429
60 27 0.071429
62 27 0.071429
83 27 0.071429
102 27 0.071429
109 27 0.071429
40 28 0.142857
86 28 0.142857
30 29 0.1
32 29 0.1
47 29 0.1
63 29 0.1
80 29 0.1
45 30 0.1
46 30 0.1
59 30 0.1
88 30 0.1
120 30 0.1
59 31 0.076923
73 31 0.076923
90 31 0.076923
95 31 0.076923
109 31 0.076923
115 31 0.076923
117 31 0.076923
119 31 0.076923
33 32 0.111111
76 32 0.111111
77 32 0.111111
85 32 0.111111
51 33 0.083333
63 33 0.083333
65 33 0.083333
66 33 0.083333
69 33 0.083333
88 33 0.083333
106 33 0.083333
109 34 0.166667
76 35 0.125
90 35 0.125
100 35 0.125
80 36 0.142857
97 36 0.142857
38 37 0.076923
53 37 0.076923
55 37 0.076923
67 37 0.076923
87 37 0.076923
105 37 0.076923
106 37 0.076923
117 37 0.076923
71 38 0.166667
40 39 0.090909
48 39 0.090909
51 39 0.090909
85 39 0.090909
93 39 0.090909
111 39 0.090909
46 40 0.090909
54 40 0.090909
55 40 0.090909
72 40 0.090909
78 40 0.090909
94 40 0.090909
44 42 0.083333
47 42 0.083333
48 42 0.083333
56 42 0.083333
66 42 0.083333
92 42 0.083333
96 42 0.083333
58 43 0.090909
60 43 0.090909
68 43 0.090909
88 43 0.090909
99 43 0.090909
116 43 0.090909
58 44 0.142857
101 44 0.142857
80 45 0.111111
112 45 0.111111
113 45 0.111111
116 45 0.111111
94 46 0.166667
64 47 0.166667
60 48 0.090909
61 48 0.090909
64 48 0.090909
80 48 0.090909
91 48 0.090909
108 48 0.090909
67 49 0.083333
75 49 0.083333
81 49 0.083333
82 49 0.083333
86 49 0.083333
109 49 0.083333
112 49 0.083333
67 50 0.111111
70 50 0.111111
106 50 0.111111
108 50 0.111111
53 51 0.090909
55 51 0.090909
69 51 0.090909
74 51 0.090909
92 51 0.090909
115 51 0.090909
112 52 0.166667
64 54 0.142857
71 54 0.142857
66 55 0.076923
73 55 0.076923
76 55 0.076923
91 55 0.076923
105 55 0.076923
109 55 0.076923
111 55 0.076923
115 55 0.076923
69 56 0.125
72 56 0.125
101 56 0.125
105 57 0.142857
120 57 0.142857
62 58 0.142857
110 58 0.142857
74 59 0.142857
94 59 0.142857
94 60 0.166667
102 61 0.166667
65 62 0.142857
84 62 0.142857
88 63 0.166667
93 64 0.166667
84 65 0.142857
119 65 0.142857
78 66 0.142857
81 66 0.142857
70 67 0.142857
87 67 0.142857
72 68 0.166667
75 71 0.142857
77 71 0.142857
89 72 0.166667
100 73 0.142857
108 73 0.142857
98 76 0.142857
114 76 0.142857
79 77 0.125
82 77 0.125
87 77 0.125
108 78 0.166667
120 79 0.166667
95 80 0.125
103 80 0.125
119 80 0.125
84 81 0.142857
95 81 0.142857
101 84 0.166667
108 86 0.142857
118 86 0.142857
104 87 0.166667
116 88 0.166667
103 89 0.166667
102 90 0.166667
96 91 0.125
112 91 0.125
114 91 0.125
99 92 0.142857
111 92 0.142857
98 94 0.166667
98 96 0.166667
119 97 0.166667
106 104 0.166667
112 105 0.142857
113 105 0.142857
114 108 0.166667
116 110 0.166667
116 115 0.166667
