0 5 0.041667
0 6 0.027027
0 7 0.045455
0 15 0.111111
0 17 0.111111
0 25 0.0625
0 28 0.142857
0 43 0.1
0 44 0.142857
0 48 0.1
0 50 0.142857
0 52 0.2
0 60 0.166667
0 63 0.166667
0 67 0.142857
0 68 0.166667
0 79 0.2
0 81 0.142857
0 89 0.2
0 95 0.2
0 98 0.2
1 5 0.041667
1 6 0.027027
1 8 0.037037
1 9 0.030303
1 16 0.055556
1 18 0.076923
1 19 0.083333
1 22 0.090909
1 24 0.076923
1 27 0.083333
1 41 0.2
1 47 0.166667
1 54 0.142857
1 64 0.166667
1 68 0.166667
1 71 0.142857
1 81 0.142857
1 96 0.166667
1 99 0.2
1 101 0.2
2 5 0.041667
2 6 0.027027
2 7 0.045455
2 9 0.030303
2 13 0.058824
2 16 0.055556
2 18 0.076923
2 19 0.083333
2 20 0.083333
2 21 0.047619
2 22 0.090909
2 24 0.076923
2 28 0.142857
2 36 0.142857
2 41 0.2
2 52 0.2
2 53 0.2
3 5 0.041667
3 7 0.045455
3 8 0.037037
3 19 0.083333
3 35 0.125
3 44 0.142857
3 89 0.2
3 90 0.2
4 5 0.041667
4 6 0.027027
4 10 0.05
4 11 0.052632
4 12 0.058824
4 13 0.058824
4 14 0.1
4 19 0.083333
4 20 0.083333
4 27 0.083333
4 29 0.1
4 35 0.125
4 42 0.083333
4 46 0.166667
4 51 0.1
4 54 0.142857
4 59 0.142857
4 62 0.142857
4 73 0.166667
4 74 0.2
4 99 0.2
5 6 0.027027
5 7 0.045455
5 8 0.037037
5 9 0.030303
5 10 0.05
5 12 0.058824
5 20 0.083333
5 25 0.0625
5 26 0.090909
5 42 0.083333
5 43 0.1
5 44 0.142857
5 57 0.2
5 66 0.142857
5 68 0.166667
5 73 0.166667
5 86 0.2
5 90 0.2
5 91 0.166667
6 7 0.045455
6 8 0.037037
6 9 0.030303
6 11 0.052632
6 12 0.058824
6 13 0.058824
6 14 0.1
6 15 0.111111
6 16 0.055556
6 18 0.076923
6 21 0.047619
6 26 0.090909
6 27 0.083333
6 28 0.142857
6 32 0.111111
6 33 0.090909
6 36 0.142857
6 38 0.166667
6 42 0.083333
6 45 0.166667
6 55 0.111111
6 58 0.166667
6 65 0.166667
6 72 0.166667
6 75 0.2
6 76 0.166667
6 77 0.125
6 78 0.2
6 79 0.2
6 80 0.166667
6 84 0.166667
6 86 0.2
7 8 0.037037
7 10 0.05
7 11 0.052632
7 22 0.090909
7 24 0.076923
7 25 0.0625
7 30 0.111111
7 31 0.111111
7 34 0.2
7 39 0.1
7 45 0.166667
7 49 0.1
7 51 0.1
7 74 0.2
7 83 0.2
7 89 0.2
7 93 0.2
8 9 0.030303
8 10 0.05
8 14 0.1
8 15 0.111111
8 18 0.076923
8 19 0.083333
8 20 0.083333
8 26 0.090909
8 27 0.083333
8 28 0.142857
8 34 0.2
8 35 0.125
8 36 0.142857
8 41 0.2
8 42 0.083333
8 43 0.1
8 49 0.1
8 56 0.125
8 82 0.2
8 87 0.2
8 89 0.2
8 97 0.2
9 10 0.05
9 11 0.052632
9 12 0.058824
9 13 0.058824
9 14 0.1
9 17 0.111111
9 22 0.090909
9 25 0.0625
9 28 0.142857
9 31 0.111111
9 33 0.090909
9 37 0.1
9 38 0.166667
9 40 0.090909
9 44 0.142857
9 45 0.166667
9 46 0.166667
9 49 0.1
9 56 0.125
9 57 0.2
9 58 0.166667
9 67 0.142857
9 75 0.2
9 85 0.2
9 87 0.2
9 96 0.166667
9 99 0.2
9 100 0.2
10 11 0.052632
10 12 0.058824
10 17 0.111111
10 21 0.047619
10 22 0.090909
10 29 0.1
10 33 0.090909
10 34 0.2
10 35 0.125
10 52 0.2
10 56 0.125
10 71 0.142857
10 75 0.2
10 83 0.2
10 90 0.2
11 13 0.058824
11 14 0.1
11 15 0.111111
11 16 0.055556
11 20 0.083333
11 29 0.1
11 31 0.111111
11 57 0.2
11 58 0.166667
11 72 0.166667
11 83 0.2
11 85 0.2
11 92 0.166667
11 100 0.2
12 18 0.076923
12 21 0.047619
12 30 0.111111
12 37 0.1
12 38 0.166667
12 45 0.166667
12 57 0.2
12 60 0.166667
12 66 0.142857
12 77 0.125
12 79 0.2
12 92 0.166667
13 15 0.111111
13 23 0.1
13 29 0.1
13 32 0.111111
13 48 0.1
13 59 0.142857
13 61 0.2
13 78 0.2
13 91 0.166667
13 93 0.2
13 95 0.2
13 96 0.166667
14 16 0.055556
14 17 0.111111
14 59 0.142857
14 97 0.2
14 100 0.2
15 23 0.1
15 43 0.1
15 55 0.111111
15 65 0.166667
16 17 0.111111
16 23 0.1
16 31 0.111111
16 36 0.142857
16 37 0.1
16 43 0.1
16 49 0.1
16 61 0.2
16 63 0.166667
16 65 0.166667
16 68 0.166667
16 85 0.2
16 97 0.2
17 24 0.076923
17 32 0.111111
17 40 0.090909
17 73 0.166667
18 21 0.047619
18 24 0.076923
18 26 0.090909
18 30 0.111111
18 41 0.2
18 52 0.2
18 77 0.125
18 79 0.2
19 35 0.125
19 39 0.1
19 48 0.1
19 63 0.166667
19 81 0.142857
19 82 0.2
19 101 0.2
20 33 0.090909
20 38 0.166667
20 39 0.1
20 42 0.083333
20 46 0.166667
20 47 0.166667
20 97 0.2
21 23 0.1
21 25 0.0625
21 26 0.090909
21 32 0.111111
21 34 0.2
21 50 0.142857
21 52 0.2
21 61 0.2
21 62 0.142857
21 64 0.166667
21 70 0.2
21 71 0.142857
21 74 0.2
21 84 0.166667
21 86 0.2
21 98 0.2
22 23 0.1
22 40 0.090909
22 51 0.1
22 57 0.2
22 69 0.2
22 93 0.2
23 31 0.111111
23 34 0.2
23 37 0.1
23 62 0.142857
23 91 0.166667
24 30 0.111111
24 39 0.1
24 50 0.142857
24 53 0.2
24 69 0.2
24 70 0.2
24 88 0.2
24 94 0.166667
25 27 0.083333
25 36 0.142857
25 41 0.2
25 47 0.166667
25 50 0.142857
25 54 0.142857
25 56 0.125
25 70 0.2
25 76 0.166667
25 82 0.2
25 92 0.166667
26 37 0.1
26 53 0.2
26 54 0.142857
26 61 0.2
26 78 0.2
26 83 0.2
27 29 0.1
27 39 0.1
27 49 0.1
27 50 0.142857
27 60 0.166667
27 62 0.142857
27 83 0.2
28 40 0.090909
28 86 0.2
29 30 0.111111
29 32 0.111111
29 47 0.166667
29 63 0.166667
29 80 0.166667
30 45 0.166667
30 46 0.166667
30 59 0.142857
30 88 0.2
31 59 0.142857
31 73 0.166667
31 90 0.2
31 95 0.2
32 33 0.090909
32 76 0.166667
32 77 0.125
32 85 0.2
33 51 0.1
33 63 0.166667
33 65 0.166667
33 66 0.142857
33 69 0.2
33 88 0.2
35 76 0.166667
35 90 0.2
35 100 0.2
36 80 0.166667
36 97 0.2
37 38 0.166667
37 53 0.2
37 55 0.111111
37 67 0.142857
37 87 0.2
38 71 0.142857
39 40 0.090909
39 48 0.1
39 51 0.1
39 85 0.2
39 93 0.2
40 46 0.166667
40 54 0.142857
40 55 0.111111
40 72 0.166667
40 78 0.2
40 94 0.166667
42 44 0.142857
42 47 0.166667
42 48 0.1
42 56 0.125
42 66 0.142857
42 92 0.166667
42 96 0.166667
43 58 0.166667
43 60 0.166667
43 68 0.166667
43 88 0.2
43 99 0.2
44 58 0.166667
44 101 0.2
45 80 0.166667
46 94 0.166667
47 64 0.166667
48 60 0.166667
48 61 0.2
48 64 0.166667
48 80 0.166667
48 91 0.166667
49 67 0.142857
49 75 0.2
49 81 0.142857
49 82 0.2
49 86 0.2
50 67 0.142857
50 70 0.2
51 53 0.2
51 55 0.111111
51 69 0.2
51 74 0.2
51 92 0.166667
54 64 0.166667
54 71 0.142857
55 66 0.142857
55 73 0.166667
55 76 0.166667
55 91 0.166667
56 69 0.2
56 72 0.166667
56 101 0.2
58 62 0.142857
59 74 0.2
59 94 0.166667
60 94 0.166667
62 65 0.166667
62 84 0.166667
63 88 0.2
64 93 0.2
65 84 0.166667
66 78 0.2
66 81 0.142857
67 70 0.2
67 87 0.2
68 72 0.166667
71 75 0.2
71 77 0.125
72 89 0.2
73 100 0.2
76 98 0.2
77 79 0.2
77 82 0.2
77 87 0.2
80 95 0.2
81 84 0.166667
81 95 0.2
84 101 0.2
91 96 0.166667
92 99 0.2
94 98 0.2
96 98 0.2
5 0 0.047619
6 0 0.047619
7 0 0.047619
15 0 0.047619
17 0 0.047619
25 0 0.047619
28 0 0.047619
43 0 0.047619
44 0 0.047619
48 0 0.047619
50 0 0.047619
52 0 0.047619
60 0 0.047619
63 0 0.047619
67 0 0.047619
68 0 0.047619
79 0 0.047619
81 0 0.047619
89 0 0.047619
95 0 0.047619
98 0 0.047619
5 1 0.05
6 1 0.05
8 1 0.05
9 1 0.05
16 1 0.05
18 1 0.05
19 1 0.05
22 1 0.05
24 1 0.05
27 1 0.05
41 1 0.05
47 1 0.05
54 1 0.05
64 1 0.05
68 1 0.05
71 1 0.05
81 1 0.05
96 1 0.05
99 1 0.05
101 1 0.05
5 2 0.058824
6 2 0.058824
7 2 0.058824
9 2 0.058824
13 2 0.058824
16 2 0.058824
18 2 0.058824
19 2 0.058824
20 2 0.058824
21 2 0.058824
22 2 0.058824
24 2 0.058824
28 2 0.058824
36 2 0.058824
41 2 0.058824
52 2 0.058824
53 2 0.058824
5 3 0.125
7 3 0.125
8 3 0.125
19 3 0.125
35 3 0.125
44 3 0.125
89 3 0.125
90 3 0.125
5 4 0.047619
6 4 0.047619
10 4 0.047619
11 4 0.047619
12 4 0.047619
13 4 0.047619
14 4 0.047619
19 4 0.047619
20 4 0.047619
27 4 0.047619
29 4 0.047619
35 4 0.047619
42 4 0.047619
46 4 0.047619
51 4 0.047619
54 4 0.047619
59 4 0.047619
62 4 0.047619
73 4 0.047619
74 4 0.047619
99 4 0.047619
6 5 0.041667
7 5 0.041667
8 5 0.041667
9 5 0.041667
10 5 0.041667
12 5 0.041667
20 5 0.041667
25 5 0.041667
26 5 0.041667
42 5 0.041667
43 5 0.041667
44 5 0.041667
57 5 0.041667
66 5 0.041667
68 5 0.041667
73 5 0.041667
86 5 0.041667
90 5 0.041667
91 5 0.041667
7 6 0.027027
8 6 0.027027
9 6 0.027027
11 6 0.027027
12 6 0.027027
13 6 0.027027
14 6 0.027027
15 6 0.027027
16 6 0.027027
18 6 0.027027
21 6 0.027027
26 6 0.027027
27 6 0.027027
28 6 0.027027
32 6 0.027027
33 6 0.027027
36 6 0.027027
38 6 0.027027
42 6 0.027027
45 6 0.027027
55 6 0.027027
58 6 0.027027
65 6 0.027027
72 6 0.027027
75 6 0.027027
76 6 0.027027
77 6 0.027027
78 6 0.027027
79 6 0.027027
80 6 0.027027
84 6 0.027027
86 6 0.027027
8 7 0.045455
10 7 0.045455
11 7 0.045455
22 7 0.045455
24 7 0.045455
25 7 0.045455
30 7 0.045455
31 7 0.045455
34 7 0.045455
39 7 0.045455
45 7 0.045455
49 7 0.045455
51 7 0.045455
74 7 0.045455
83 7 0.045455
89 7 0.045455
93 7 0.045455
9 8 0.037037
10 8 0.037037
14 8 0.037037
15 8 0.037037
18 8 0.037037
19 8 0.037037
20 8 0.037037
26 8 0.037037
27 8 0.037037
28 8 0.037037
34 8 0.037037
35 8 0.037037
36 8 0.037037
41 8 0.037037
42 8 0.037037
43 8 0.037037
49 8 0.037037
56 8 0.037037
82 8 0.037037
87 8 0.037037
89 8 0.037037
97 8 0.037037
10 9 0.030303
11 9 0.030303
12 9 0.030303
13 9 0.030303
14 9 0.030303
17 9 0.030303
22 9 0.030303
25 9 0.030303
28 9 0.030303
31 9 0.030303
33 9 0.030303
37 9 0.030303
38 9 0.030303
40 9 0.030303
44 9 0.030303
45 9 0.030303
46 9 0.030303
49 9 0.030303
56 9 0.030303
57 9 0.030303
58 9 0.030303
67 9 0.030303
75 9 0.030303
85 9 0.030303
87 9 0.030303
96 9 0.030303
99 9 0.030303
100 9 0.030303
11 10 0.05
12 10 0.05
17 10 0.05
21 10 0.05
22 10 0.05
29 10 0.05
33 10 0.05
34 10 0.05
35 10 0.05
52 10 0.05
56 10 0.05
71 10 0.05
75 10 0.05
83 10 0.05
90 10 0.05
13 11 0.052632
14 11 0.052632
15 11 0.052632
16 11 0.052632
20 11 0.052632
29 11 0.052632
31 11 0.052632
57 11 0.052632
58 11 0.052632
72 11 0.052632
83 11 0.052632
85 11 0.052632
92 11 0.052632
100 11 0.052632
18 12 0.058824
21 12 0.058824
30 12 0.058824
37 12 0.058824
38 12 0.058824
45 12 0.058824
57 12 0.058824
60 12 0.058824
66 12 0.058824
77 12 0.058824
79 12 0.058824
92 12 0.058824
15 13 0.058824
23 13 0.058824
29 13 0.058824
32 13 0.058824
48 13 0.058824
59 13 0.058824
61 13 0.058824
78 13 0.058824
91 13 0.058824
93 13 0.058824
95 13 0.058824
96 13 0.058824
16 14 0.1
17 14 0.1
59 14 0.1
97 14 0.1
100 14 0.1
23 15 0.111111
43 15 0.111111
55 15 0.111111
65 15 0.111111
17 16 0.055556
23 16 0.055556
31 16 0.055556
36 16 0.055556
37 16 0.055556
43 16 0.055556
49 16 0.055556
61 16 0.055556
63 16 0.055556
65 16 0.055556
68 16 0.055556
85 16 0.055556
97 16 0.055556
24 17 0.111111
32 17 0.111111
40 17 0.111111
73 17 0.111111
21 18 0.076923
24 18 0.076923
26 18 0.076923
30 18 0.076923
41 18 0.076923
52 18 0.076923
77 18 0.076923
79 18 0.076923
35 19 0.083333
39 19 0.083333
48 19 0.083333
63 19 0.083333
81 19 0.083333
82 19 0.083333
101 19 0.083333
33 20 0.083333
38 20 0.083333
39 20 0.083333
42 20 0.083333
46 20 0.083333
47 20 0.083333
97 20 0.083333
23 21 0.047619
25 21 0.047619
26 21 0.047619
32 21 0.047619
34 21 0.047619
50 21 0.047619
52 21 0.047619
61 21 0.047619
62 21 0.047619
64 21 0.047619
70 21 0.047619
71 21 0.047619
74 21 0.047619
84 21 0.047619
86 21 0.047619
98 21 0.047619
23 22 0.090909
40 22 0.090909
51 22 0.090909
57 22 0.090909
69 22 0.090909
93 22 0.090909
31 23 0.1
34 23 0.1
37 23 0.1
62 23 0.1
91 23 0.1
30 24 0.076923
39 24 0.076923
50 24 0.076923
53 24 0.076923
69 24 0.076923
70 24 0.076923
88 24 0.076923
94 24 0.076923
27 25 0.0625
36 25 0.0625
41 25 0.0625
47 25 0.0625
50 25 0.0625
54 25 0.0625
56 25 0.0625
70 25 0.0625
76 25 0.0625
82 25 0.0625
92 25 0.0625
37 26 0.090909
53 26 0.090909
54 26 0.090909
61 26 0.090909
78 26 0.090909
83 26 0.090909
29 27 0.083333
39 27 0.083333
49 27 0.083333
50 27 0.083333
60 27 0.083333
62 27 0.083333
83 27 0.083333
40 28 0.142857
86 28 0.142857
30 29 0.1
32 29 0.1
47 29 0.1
63 29 0.1
80 29 0.1
45 30 0.111111
46 30 0.111111
59 30 0.111111
88 30 0.111111
59 31 0.111111
73 31 0.111111
90 31 0.111111
95 31 0.111111
33 32 0.111111
76 32 0.111111
77 32 0.111111
85 32 0.111111
51 33 0.090909
63 33 0.090909
65 33 0.090909
66 33 0.090909
69 33 0.090909
88 33 0.090909
76 35 0.125
90 35 0.125
100 35 0.125
80 36 0.142857
97 36 0.142857
38 37 0.1
53 37 0.1
55 37 0.1
67 37 0.1
87 37 0.1
71 38 0.166667
40 39 0.1
48 39 0.1
51 39 0.1
85 39 0.1
93 39 0.1
46 40 0.090909
54 40 0.090909
55 40 0.090909
72 40 0.090909
78 40 0.090909
94 40 0.090909
44 42 0.083333
47 42 0.083333
48 42 0.083333
56 42 0.083333
66 42 0.083333
92 42 0.083333
96 42 0.083333
58 43 0.1
60 43 0.1
68 43 0.1
88 43 0.1
99 43 0.1
58 44 0.142857
101 44 0.142857
80 45 0.166667
94 46 0.166667
64 47 0.166667
60 48 0.1
61 48 0.1
64 48 0.1
80 48 0.1
91 48 0.1
67 49 0.1
75 49 0.1
81 49 0.1
82 49 0.1
86 49 0.1
67 50 0.142857
70 50 0.142857
53 51 0.1
55 51 0.1
69 51 0.1
74 51 0.1
92 51 0.1
64 54 0.142857
71 54 0.142857
66 55 0.111111
73 55 0.111111
76 55 0.111111
91 55 0.111111
69 56 0.125
72 56 0.125
101 56 0.125
62 58 0.166667
74 59 0.142857
94 59 0.142857
94 60 0.166667
65 62 0.142857
84 62 0.142857
88 63 0.166667
93 64 0.166667
84 65 0.166667
78 66 0.142857
81 66 0.142857
70 67 0.142857
87 67 0.142857
72 68 0.166667
75 71 0.142857
77 71 0.142857
89 72 0.166667
100 73 0.166667
98 76 0.166667
79 77 0.125
82 77 0.125
87 77 0.125
95 80 0.166667
84 81 0.142857
95 81 0.142857
101 84 0.166667
96 91 0.166667
99 92 0.166667
98 94 0.166667
98 96 0.166667
