0 5 0.035714
0 6 0.023256
0 7 0.043478
0 15 0.1
0 17 0.090909
0 25 0.05
0 28 0.111111
0 43 0.076923
0 44 0.142857
0 48 0.071429
0 50 0.111111
0 52 0.166667
0 60 0.125
0 63 0.142857
0 67 0.111111
0 68 0.166667
0 79 0.142857
0 81 0.125
0 89 0.166667
0 95 0.2
0 98 0.2
0 120 0.2
0 140 0.2
1 5 0.035714
1 6 0.023256
1 8 0.027027
1 9 0.025
1 16 0.055556
1 18 0.0625
1 19 0.0625
1 22 0.071429
1 24 0.066667
1 27 0.0625
1 41 0.2
1 47 0.166667
1 54 0.111111
1 64 0.166667
1 68 0.166667
1 71 0.111111
1 81 0.125
1 96 0.125
1 99 0.2
1 101 0.2
1 105 0.125
1 123 0.2
1 128 0.166667
1 139 0.2
1 147 0.2
2 5 0.035714
2 6 0.023256
2 7 0.043478
2 9 0.025
2 13 0.05
2 16 0.055556
2 18 0.0625
2 19 0.0625
2 20 0.066667
2 21 0.041667
2 22 0.071429
2 24 0.066667
2 28 0.111111
2 36 0.142857
2 41 0.2
2 52 0.166667
2 53 0.2
3 5 0.035714
3 7 0.043478
3 8 0.027027
3 19 0.0625
3 35 0.125
3 44 0.142857
3 89 0.166667
3 90 0.125
3 105 0.125
3 113 0.166667
3 121 0.2
3 131 0.166667
3 135 0.166667
4 5 0.035714
4 6 0.023256
4 10 0.038462
4 11 0.047619
4 12 0.047619
4 13 0.05
4 14 0.058824
4 19 0.0625
4 20 0.066667
4 27 0.0625
4 29 0.090909
4 35 0.125
4 42 0.076923
4 46 0.142857
4 51 0.066667
4 54 0.111111
4 59 0.111111
4 62 0.142857
4 73 0.142857
4 74 0.2
4 99 0.2
4 115 0.142857
4 117 0.166667
4 123 0.2
4 147 0.2
5 6 0.023256
5 7 0.043478
5 8 0.027027
5 9 0.025
5 10 0.038462
5 12 0.047619
5 20 0.066667
5 25 0.05
5 26 0.090909
5 42 0.076923
5 43 0.076923
5 44 0.142857
5 57 0.142857
5 66 0.142857
5 68 0.166667
5 73 0.142857
5 86 0.125
5 90 0.125
5 91 0.111111
5 113 0.166667
5 115 0.142857
5 118 0.2
5 141 0.2
6 7 0.043478
6 8 0.027027
6 9 0.025
6 11 0.047619
6 12 0.047619
6 13 0.05
6 14 0.058824
6 15 0.1
6 16 0.055556
6 18 0.0625
6 21 0.041667
6 26 0.090909
6 27 0.0625
6 28 0.111111
6 32 0.111111
6 33 0.071429
6 36 0.142857
6 38 0.166667
6 42 0.076923
6 45 0.1
6 55 0.0625
6 58 0.125
6 65 0.142857
6 72 0.166667
6 75 0.166667
6 76 0.142857
6 77 0.111111
6 78 0.142857
6 79 0.142857
6 80 0.111111
6 84 0.166667
6 86 0.125
6 102 0.142857
6 104 0.166667
6 107 0.166667
6 110 0.166667
6 126 0.2
6 139 0.2
7 8 0.027027
7 10 0.038462
7 11 0.047619
7 22 0.071429
7 24 0.066667
7 25 0.05
7 30 0.1
7 31 0.066667
7 34 0.125
7 39 0.066667
7 45 0.1
7 49 0.083333
7 51 0.066667
7 74 0.2
7 83 0.166667
7 89 0.166667
7 93 0.166667
7 111 0.2
8 9 0.025
8 10 0.038462
8 14 0.058824
8 15 0.1
8 18 0.0625
8 19 0.0625
8 20 0.066667
8 26 0.090909
8 27 0.0625
8 28 0.111111
8 34 0.125
8 35 0.125
8 36 0.142857
8 41 0.2
8 42 0.076923
8 43 0.076923
8 49 0.083333
8 56 0.125
8 82 0.2
8 87 0.142857
8 89 0.166667
8 97 0.166667
8 104 0.166667
8 111 0.2
8 119 0.166667
8 125 0.2
8 126 0.2
8 135 0.166667
8 138 0.166667
8 142 0.2
8 143 0.166667
8 145 0.2
9 10 0.038462
9 11 0.047619
9 12 0.047619
9 13 0.05
9 14 0.058824
9 17 0.090909
9 22 0.071429
9 25 0.05
9 28 0.111111
9 31 0.066667
9 33 0.071429
9 37 0.076923
9 38 0.166667
9 40 0.090909
9 44 0.142857
9 45 0.1
9 46 0.142857
9 49 0.083333
9 56 0.125
9 57 0.142857
9 58 0.125
9 67 0.111111
9 75 0.166667
9 85 0.2
9 87 0.142857
9 96 0.125
9 99 0.2
9 100 0.166667
9 102 0.142857
9 114 0.142857
9 117 0.166667
9 122 0.2
9 129 0.2
9 132 0.166667
9 137 0.2
10 11 0.047619
10 12 0.047619
10 17 0.090909
10 21 0.041667
10 22 0.071429
10 29 0.090909
10 33 0.071429
10 34 0.125
10 35 0.125
10 52 0.166667
10 56 0.125
10 71 0.111111
10 75 0.166667
10 83 0.166667
10 90 0.125
10 117 0.166667
10 122 0.2
10 125 0.2
10 132 0.166667
10 144 0.2
10 146 0.2
11 13 0.05
11 14 0.058824
11 15 0.1
11 16 0.055556
11 20 0.066667
11 29 0.090909
11 31 0.066667
11 57 0.142857
11 58 0.125
11 72 0.166667
11 83 0.166667
11 85 0.2
11 92 0.125
11 100 0.166667
11 106 0.142857
11 107 0.166667
12 18 0.0625
12 21 0.041667
12 30 0.1
12 37 0.076923
12 38 0.166667
12 45 0.1
12 57 0.142857
12 60 0.125
12 66 0.142857
12 77 0.111111
12 79 0.142857
12 92 0.125
12 114 0.142857
12 137 0.2
12 141 0.2
12 145 0.2
13 15 0.1
13 23 0.083333
13 29 0.090909
13 32 0.111111
13 48 0.071429
13 59 0.111111
13 61 0.142857
13 78 0.142857
13 91 0.111111
13 93 0.166667
13 95 0.2
13 96 0.125
13 118 0.2
13 125 0.2
13 148 0.2
14 16 0.055556
14 17 0.090909
14 59 0.111111
14 97 0.166667
14 100 0.166667
14 123 0.2
14 128 0.166667
14 130 0.2
14 132 0.166667
14 134 0.2
14 138 0.166667
14 144 0.2
15 23 0.083333
15 43 0.076923
15 55 0.0625
15 65 0.142857
15 107 0.166667
16 17 0.090909
16 23 0.083333
16 31 0.066667
16 36 0.142857
16 37 0.076923
16 43 0.076923
16 49 0.083333
16 61 0.142857
16 63 0.142857
16 65 0.142857
16 68 0.166667
16 85 0.2
16 97 0.166667
17 24 0.066667
17 32 0.111111
17 40 0.090909
17 73 0.142857
17 121 0.2
17 145 0.2
18 21 0.041667
18 24 0.066667
18 26 0.090909
18 30 0.1
18 41 0.2
18 52 0.166667
18 77 0.111111
18 79 0.142857
18 110 0.166667
18 140 0.2
18 143 0.166667
19 35 0.125
19 39 0.066667
19 48 0.071429
19 63 0.142857
19 81 0.125
19 82 0.2
19 101 0.2
19 104 0.166667
19 120 0.2
19 127 0.142857
19 131 0.166667
20 33 0.071429
20 38 0.166667
20 39 0.066667
20 42 0.076923
20 46 0.142857
20 47 0.166667
20 97 0.166667
20 103 0.142857
20 107 0.166667
20 110 0.166667
21 23 0.083333
21 25 0.05
21 26 0.090909
21 32 0.111111
21 34 0.125
21 50 0.111111
21 52 0.166667
21 61 0.142857
21 62 0.142857
21 64 0.166667
21 70 0.2
21 71 0.111111
21 74 0.2
21 84 0.166667
21 86 0.125
21 98 0.2
21 103 0.142857
21 104 0.166667
21 113 0.166667
22 23 0.083333
22 40 0.090909
22 51 0.066667
22 57 0.142857
22 69 0.2
22 93 0.166667
22 118 0.2
22 122 0.2
22 134 0.2
23 31 0.066667
23 34 0.125
23 37 0.076923
23 62 0.142857
23 91 0.111111
23 118 0.2
23 139 0.2
24 30 0.1
24 39 0.066667
24 50 0.111111
24 53 0.2
24 69 0.2
24 70 0.2
24 88 0.142857
24 94 0.125
24 103 0.142857
24 110 0.166667
25 27 0.0625
25 36 0.142857
25 41 0.2
25 47 0.166667
25 50 0.111111
25 54 0.111111
25 56 0.125
25 70 0.2
25 76 0.142857
25 82 0.2
25 92 0.125
25 107 0.166667
25 122 0.2
25 124 0.2
25 143 0.166667
26 37 0.076923
26 53 0.2
26 54 0.111111
26 61 0.142857
26 78 0.142857
26 83 0.166667
27 29 0.090909
27 39 0.066667
27 49 0.083333
27 50 0.111111
27 60 0.125
27 62 0.142857
27 83 0.166667
27 102 0.142857
27 109 0.2
27 137 0.2
27 141 0.2
28 40 0.090909
28 86 0.125
28 124 0.2
28 146 0.2
29 30 0.1
29 32 0.111111
29 47 0.166667
29 63 0.142857
29 80 0.111111
29 125 0.2
30 45 0.1
30 46 0.142857
30 59 0.111111
30 88 0.142857
30 120 0.2
31 59 0.111111
31 73 0.142857
31 90 0.125
31 95 0.2
31 109 0.2
31 115 0.142857
31 117 0.166667
31 119 0.166667
31 124 0.2
31 147 0.2
32 33 0.071429
32 76 0.142857
32 77 0.111111
32 85 0.2
33 51 0.066667
33 63 0.142857
33 65 0.142857
33 66 0.142857
33 69 0.2
33 88 0.142857
33 106 0.142857
33 133 0.2
33 137 0.2
34 109 0.2
34 129 0.2
34 130 0.2
35 76 0.142857
35 90 0.125
35 100 0.166667
36 80 0.111111
36 97 0.166667
37 38 0.166667
37 53 0.2
37 55 0.0625
37 67 0.111111
37 87 0.142857
37 105 0.125
37 106 0.142857
37 117 0.166667
38 71 0.111111
39 40 0.090909
39 48 0.071429
39 51 0.066667
39 85 0.2
39 93 0.166667
39 111 0.2
39 121 0.2
39 133 0.2
39 134 0.2
39 141 0.2
40 46 0.142857
40 54 0.111111
40 55 0.0625
40 72 0.166667
40 78 0.142857
40 94 0.125
42 44 0.142857
42 47 0.166667
42 48 0.071429
42 56 0.125
42 66 0.142857
42 92 0.125
42 96 0.125
42 123 0.2
43 58 0.125
43 60 0.125
43 68 0.166667
43 88 0.142857
43 99 0.2
43 116 0.2
43 127 0.142857
43 148 0.2
44 58 0.125
44 101 0.2
45 80 0.111111
45 112 0.166667
45 113 0.166667
45 116 0.2
45 126 0.2
46 94 0.125
46 122 0.2
47 64 0.166667
48 60 0.125
48 61 0.142857
48 64 0.166667
48 80 0.111111
48 91 0.111111
48 108 0.142857
48 121 0.2
48 142 0.2
48 145 0.2
49 67 0.111111
49 75 0.166667
49 81 0.125
49 82 0.2
49 86 0.125
49 109 0.2
49 112 0.166667
50 67 0.111111
50 70 0.2
50 106 0.142857
50 108 0.142857
51 53 0.2
51 55 0.0625
51 69 0.2
51 74 0.2
51 92 0.125
51 115 0.142857
51 128 0.166667
51 136 0.2
51 138 0.166667
51 147 0.2
52 112 0.166667
54 64 0.166667
54 71 0.111111
54 129 0.2
54 130 0.2
55 66 0.142857
55 73 0.142857
55 76 0.142857
55 91 0.111111
55 105 0.125
55 109 0.2
55 111 0.2
55 115 0.142857
55 127 0.142857
55 137 0.2
55 141 0.2
56 69 0.2
56 72 0.166667
56 101 0.2
57 105 0.125
57 120 0.2
58 62 0.142857
58 110 0.166667
58 124 0.2
59 74 0.2
59 94 0.125
59 129 0.2
59 136 0.2
60 94 0.125
60 139 0.2
60 142 0.2
61 102 0.142857
61 136 0.2
62 65 0.142857
62 84 0.166667
63 88 0.142857
63 127 0.142857
64 93 0.166667
65 84 0.166667
65 119 0.166667
66 78 0.142857
66 81 0.125
67 70 0.2
67 87 0.142857
67 135 0.166667
67 144 0.2
68 72 0.166667
71 75 0.166667
71 77 0.111111
71 135 0.166667
71 139 0.2
72 89 0.166667
73 100 0.166667
73 108 0.142857
75 128 0.166667
76 98 0.2
76 114 0.142857
77 79 0.142857
77 82 0.2
77 87 0.142857
77 140 0.2
78 108 0.142857
78 138 0.166667
79 120 0.2
79 131 0.166667
80 95 0.2
80 103 0.142857
80 119 0.166667
80 143 0.166667
81 84 0.166667
81 95 0.2
81 125 0.2
83 126 0.2
84 101 0.2
86 108 0.142857
86 118 0.2
86 144 0.2
87 104 0.166667
87 146 0.2
88 116 0.2
88 129 0.2
89 103 0.142857
90 102 0.142857
90 135 0.166667
90 148 0.2
91 96 0.125
91 112 0.166667
91 114 0.142857
91 127 0.142857
92 99 0.2
92 111 0.2
92 148 0.2
93 142 0.2
94 98 0.2
94 128 0.166667
94 146 0.2
96 98 0.2
96 123 0.2
96 132 0.166667
97 119 0.166667
100 131 0.166667
102 126 0.2
102 133 0.2
103 121 0.2
103 145 0.2
104 106 0.142857
105 112 0.166667
105 113 0.166667
105 133 0.2
106 131 0.166667
106 144 0.2
107 132 0.166667
108 114 0.142857
108 130 0.2
110 116 0.2
112 138 0.166667
113 130 0.2
114 134 0.2
114 147 0.2
115 116 0.2
115 142 0.2
117 124 0.2
119 134 0.2
127 136 0.2
127 146 0.2
128 140 0.2
131 133 0.2
132 136 0.2
135 140 0.2
138 143 0.166667
143 148 0.2
5 0 0.043478
6 0 0.043478
7 0 0.043478
15 0 0.043478
17 0 0.043478
25 0 0.043478
28 0 0.043478
43 0 0.043478
44 0 0.043478
48 0 0.043478
50 0 0.043478
52 0 0.043478
60 0 0.043478
63 0 0.043478
67 0 0.043478
68 0 0.043478
79 0 0.043478
81 0 0.043478
89 0 0.043478
95 0 0.043478
98 0 0.043478
120 0 0.043478
140 0 0.043478
5 1 0.04
6 1 0.04
8 1 0.04
9 1 0.04
16 1 0.04
18 1 0.04
19 1 0.04
22 1 0.04
24 1 0.04
27 1 0.04
41 1 0.04
47 1 0.04
54 1 0.04
64 1 0.04
68 1 0.04
71 1 0.04
81 1 0.04
96 1 0.04
99 1 0.04
101 1 0.04
105 1 0.04
123 1 0.04
128 1 0.04
139 1 0.04
147 1 0.04
5 2 0.058824
6 2 0.058824
7 2 0.058824
9 2 0.058824
13 2 0.058824
16 2 0.058824
18 2 0.058824
19 2 0.058824
20 2 0.058824
21 2 0.058824
22 2 0.058824
24 2 0.058824
28 2 0.058824
36 2 0.058824
41 2 0.058824
52 2 0.058824
53 2 0.058824
5 3 0.076923
7 3 0.076923
8 3 0.076923
19 3 0.076923
35 3 0.076923
44 3 0.076923
89 3 0.076923
90 3 0.076923
105 3 0.076923
113 3 0.076923
121 3 0.076923
131 3 0.076923
135 3 0.076923
5 4 0.04
6 4 0.04
10 4 0.04
11 4 0.04
12 4 0.04
13 4 0.04
14 4 0.04
19 4 0.04
20 4 0.04
27 4 0.04
29 4 0.04
35 4 0.04
42 4 0.04
46 4 0.04
51 4 0.04
54 4 0.04
59 4 0.04
62 4 0.04
73 4 0.04
74 4 0.04
99 4 0.04
115 4 0.04
117 4 0.04
123 4 0.04
147 4 0.04
6 5 0.035714
7 5 0.035714
8 5 0.035714
9 5 0.035714
10 5 0.035714
12 5 0.035714
20 5 0.035714
25 5 0.035714
26 5 0.035714
42 5 0.035714
43 5 0.035714
44 5 0.035714
57 5 0.035714
66 5 0.035714
68 5 0.035714
73 5 0.035714
86 5 0.035714
90 5 0.035714
91 5 0.035714
113 5 0.035714
115 5 0.035714
118 5 0.035714
141 5 0.035714
7 6 0.023256
8 6 0.023256
9 6 0.023256
11 6 0.023256
12 6 0.023256
13 6 0.023256
14 6 0.023256
15 6 0.023256
16 6 0.023256
18 6 0.023256
21 6 0.023256
26 6 0.023256
27 6 0.023256
28 6 0.023256
32 6 0.023256
33 6 0.023256
36 6 0.023256
38 6 0.023256
42 6 0.023256
45 6 0.023256
55 6 0.023256
58 6 0.023256
65 6 0.023256
72 6 0.023256
75 6 0.023256
76 6 0.023256
77 6 0.023256
78 6 0.023256
79 6 0.023256
80 6 0.023256
84 6 0.023256
86 6 0.023256
102 6 0.023256
104 6 0.023256
107 6 0.023256
110 6 0.023256
126 6 0.023256
139 6 0.023256
8 7 0.043478
10 7 0.043478
11 7 0.043478
22 7 0.043478
24 7 0.043478
25 7 0.043478
30 7 0.043478
31 7 0.043478
34 7 0.043478
39 7 0.043478
45 7 0.043478
49 7 0.043478
51 7 0.043478
74 7 0.043478
83 7 0.043478
89 7 0.043478
93 7 0.043478
111 7 0.043478
9 8 0.027027
10 8 0.027027
14 8 0.027027
15 8 0.027027
18 8 0.027027
19 8 0.027027
20 8 0.027027
26 8 0.027027
27 8 0.027027
28 8 0.027027
34 8 0.027027
35 8 0.027027
36 8 0.027027
41 8 0.027027
42 8 0.027027
43 8 0.027027
49 8 0.027027
56 8 0.027027
82 8 0.027027
87 8 0.027027
89 8 0.027027
97 8 0.027027
104 8 0.027027
111 8 0.027027
119 8 0.027027
125 8 0.027027
126 8 0.027027
135 8 0.027027
138 8 0.027027
142 8 0.027027
143 8 0.027027
145 8 0.027027
10 9 0.025
11 9 0.025
12 9 0.025
13 9 0.025
14 9 0.025
17 9 0.025
22 9 0.025
25 9 0.025
28 9 0.025
31 9 0.025
33 9 0.025
37 9 0.025
38 9 0.025
40 9 0.025
44 9 0.025
45 9 0.025
46 9 0.025
49 9 0.025
56 9 0.025
57 9 0.025
58 9 0.025
67 9 0.025
75 9 0.025
85 9 0.025
87 9 0.025
96 9 0.025
99 9 0.025
100 9 0.025
102 9 0.025
114 9 0.025
117 9 0.025
122 9 0.025
129 9 0.025
132 9 0.025
137 9 0.025
11 10 0.038462
12 10 0.038462
17 10 0.038462
21 10 0.038462
22 10 0.038462
29 10 0.038462
33 10 0.038462
34 10 0.038462
35 10 0.038462
52 10 0.038462
56 10 0.038462
71 10 0.038462
75 10 0.038462
83 10 0.038462
90 10 0.038462
117 10 0.038462
122 10 0.038462
125 10 0.038462
132 10 0.038462
144 10 0.038462
146 10 0.038462
13 11 0.047619
14 11 0.047619
15 11 0.047619
16 11 0.047619
20 11 0.047619
29 11 0.047619
31 11 0.047619
57 11 0.047619
58 11 0.047619
72 11 0.047619
83 11 0.047619
85 11 0.047619
92 11 0.047619
100 11 0.047619
106 11 0.047619
107 11 0.047619
18 12 0.047619
21 12 0.047619
30 12 0.047619
37 12 0.047619
38 12 0.047619
45 12 0.047619
57 12 0.047619
60 12 0.047619
66 12 0.047619
77 12 0.047619
79 12 0.047619
92 12 0.047619
114 12 0.047619
137 12 0.047619
141 12 0.047619
145 12 0.047619
15 13 0.05
23 13 0.05
29 13 0.05
32 13 0.05
48 13 0.05
59 13 0.05
61 13 0.05
78 13 0.05
91 13 0.05
93 13 0.05
95 13 0.05
96 13 0.05
118 13 0.05
125 13 0.05
148 13 0.05
16 14 0.058824
17 14 0.058824
59 14 0.058824
97 14 0.058824
100 14 0.058824
123 14 0.058824
128 14 0.058824
130 14 0.058824
132 14 0.058824
134 14 0.058824
138 14 0.058824
144 14 0.058824
23 15 0.1
43 15 0.1
55 15 0.1
65 15 0.1
107 15 0.1
17 16 0.055556
23 16 0.055556
31 16 0.055556
36 16 0.055556
37 16 0.055556
43 16 0.055556
49 16 0.055556
61 16 0.055556
63 16 0.055556
65 16 0.055556
68 16 0.055556
85 16 0.055556
97 16 0.055556
24 17 0.090909
32 17 0.090909
40 17 0.090909
73 17 0.090909
121 17 0.090909
145 17 0.090909
21 18 0.0625
24 18 0.0625
26 18 0.0625
30 18 0.0625
41 18 0.0625
52 18 0.0625
77 18 0.0625
79 18 0.0625
110 18 0.0625
140 18 0.0625
143 18 0.0625
35 19 0.0625
39 19 0.0625
48 19 0.0625
63 19 0.0625
81 19 0.0625
82 19 0.0625
101 19 0.0625
104 19 0.0625
120 19 0.0625
127 19 0.0625
131 19 0.0625
33 20 0.066667
38 20 0.066667
39 20 0.066667
42 20 0.066667
46 20 0.066667
47 20 0.066667
97 20 0.066667
103 20 0.066667
107 20 0.066667
110 20 0.066667
23 21 0.041667
25 21 0.041667
26 21 0.041667
32 21 0.041667
34 21 0.041667
50 21 0.041667
52 21 0.041667
61 21 0.041667
62 21 0.041667
64 21 0.041667
70 21 0.041667
71 21 0.041667
74 21 0.041667
84 21 0.041667
86 21 0.041667
98 21 0.041667
103 21 0.041667
104 21 0.041667
113 21 0.041667
23 22 0.071429
40 22 0.071429
51 22 0.071429
57 22 0.071429
69 22 0.071429
93 22 0.071429
118 22 0.071429
122 22 0.071429
134 22 0.071429
31 23 0.083333
34 23 0.083333
37 23 0.083333
62 23 0.083333
91 23 0.083333
118 23 0.083333
139 23 0.083333
30 24 0.066667
39 24 0.066667
50 24 0.066667
53 24 0.066667
69 24 0.066667
70 24 0.066667
88 24 0.066667
94 24 0.066667
103 24 0.066667
110 24 0.066667
27 25 0.05
36 25 0.05
41 25 0.05
47 25 0.05
50 25 0.05
54 25 0.05
56 25 0.05
70 25 0.05
76 25 0.05
82 25 0.05
92 25 0.05
107 25 0.05
122 25 0.05
124 25 0.05
143 25 0.05
37 26 0.090909
53 26 0.090909
54 26 0.090909
61 26 0.090909
78 26 0.090909
83 26 0.090909
29 27 0.0625
39 27 0.0625
49 27 0.0625
50 27 0.0625
60 27 0.0625
62 27 0.0625
83 27 0.0625
102 27 0.0625
109 27 0.0625
137 27 0.0625
141 27 0.0625
40 28 0.111111
86 28 0.111111
124 28 0.111111
146 28 0.111111
30 29 0.090909
32 29 0.090909
47 29 0.090909
63 29 0.090909
80 29 0.090909
125 29 0.090909
45 30 0.1
46 30 0.1
59 30 0.1
88 30 0.1
120 30 0.1
59 31 0.066667
73 31 0.066667
90 31 0.066667
95 31 0.066667
109 31 0.066667
115 31 0.066667
117 31 0.066667
119 31 0.066667
124 31 0.066667
147 31 0.066667
33 32 0.111111
76 32 0.111111
77 32 0.111111
85 32 0.111111
51 33 0.071429
63 33 0.071429
65 33 0.071429
66 33 0.071429
69 33 0.071429
88 33 0.071429
106 33 0.071429
133 33 0.071429
137 33 0.071429
109 34 0.125
129 34 0.125
130 34 0.125
76 35 0.125
90 35 0.125
100 35 0.125
80 36 0.142857
97 36 0.142857
38 37 0.076923
53 37 0.076923
55 37 0.076923
67 37 0.076923
87 37 0.076923
105 37 0.076923
106 37 0.076923
117 37 0.076923
71 38 0.166667
40 39 0.066667
48 39 0.066667
51 39 0.066667
85 39 0.066667
93 39 0.066667
111 39 0.066667
121 39 0.066667
133 39 0.066667
134 39 0.066667
141 39 0.066667
46 40 0.090909
54 40 0.090909
55 40 0.090909
72 40 0.090909
78 40 0.090909
94 40 0.090909
44 42 0.076923
47 42 0.076923
48 42 0.076923
56 42 0.076923
66 42 0.076923
92 42 0.076923
96 42 0.076923
123 42 0.076923
58 43 0.076923
60 43 0.076923
68 43 0.076923
88 43 0.076923
99 43 0.076923
116 43 0.076923
127 43 0.076923
148 43 0.076923
58 44 0.142857
101 44 0.142857
80 45 0.1
112 45 0.1
113 45 0.1
116 45 0.1
126 45 0.1
94 46 0.142857
122 46 0.142857
64 47 0.166667
60 48 0.071429
61 48 0.071429
64 48 0.071429
80 48 0.071429
91 48 0.071429
108 48 0.071429
121 48 0.071429
142 48 0.071429
145 48 0.071429
67 49 0.083333
75 49 0.083333
81 49 0.083333
82 49 0.083333
86 49 0.083333
109 49 0.083333
112 49 0.083333
67 50 0.111111
70 50 0.111111
106 50 0.111111
108 50 0.111111
53 51 0.066667
55 51 0.066667
69 51 0.066667
74 51 0.066667
92 51 0.066667
115 51 0.066667
128 51 0.066667
136 51 0.066667
138 51 0.066667
147 51 0.066667
112 52 0.166667
64 54 0.111111
71 54 0.111111
129 54 0.111111
130 54 0.111111
66 55 0.0625
73 55 0.0625
76 55 0.0625
91 55 0.0625
105 55 0.0625
109 55 0.0625
111 55 0.0625
115 55 0.0625
127 55 0.0625
137 55 0.0625
141 55 0.0625
69 56 0.125
72 56 0.125
101 56 0.125
105 57 0.142857
120 57 0.142857
62 58 0.125
110 58 0.125
124 58 0.125
74 59 0.111111
94 59 0.111111
129 59 0.111111
136 59 0.111111
94 60 0.125
139 60 0.125
142 60 0.125
102 61 0.142857
136 61 0.142857
65 62 0.142857
84 62 0.142857
88 63 0.142857
127 63 0.142857
93 64 0.166667
84 65 0.142857
119 65 0.142857
78 66 0.142857
81 66 0.142857
70 67 0.111111
87 67 0.111111
135 67 0.111111
144 67 0.111111
72 68 0.166667
75 71 0.111111
77 71 0.111111
135 71 0.111111
139 71 0.111111
89 72 0.166667
100 73 0.142857
108 73 0.142857
128 75 0.166667
98 76 0.142857
114 76 0.142857
79 77 0.111111
82 77 0.111111
87 77 0.111111
140 77 0.111111
108 78 0.142857
138 78 0.142857
120 79 0.142857
131 79 0.142857
95 80 0.111111
103 80 0.111111
119 80 0.111111
143 80 0.111111
84 81 0.125
95 81 0.125
125 81 0.125
126 83 0.166667
101 84 0.166667
108 86 0.125
118 86 0.125
144 86 0.125
104 87 0.142857
146 87 0.142857
116 88 0.142857
129 88 0.142857
103 89 0.166667
102 90 0.125
135 90 0.125
148 90 0.125
96 91 0.111111
112 91 0.111111
114 91 0.111111
127 91 0.111111
99 92 0.125
111 92 0.125
148 92 0.125
142 93 0.166667
98 94 0.125
128 94 0.125
146 94 0.125
98 96 0.125
123 96 0.125
132 96 0.125
119 97 0.166667
131 100 0.166667
126 102 0.142857
133 102 0.142857
121 103 0.142857
145 103 0.142857
106 104 0.166667
112 105 0.125
113 105 0.125
133 105 0.125
131 106 0.142857
144 106 0.142857
132 107 0.166667
114 108 0.142857
130 108 0.142857
116 110 0.166667
138 112 0.166667
130 113 0.166667
134 114 0.142857
147 114 0.142857
116 115 0.142857
142 115 0.142857
124 117 0.166667
134 119 0.166667
136 127 0.142857
146 127 0.142857
140 128 0.166667
133 131 0.166667
136 132 0.166667
140 135 0.166667
143 138 0.166667
148 143 0.166667
