0 5 0.02
0 7 0.038462
0 9 0.02381
0 27 0.083333
0 30 0.071429
0 61 0.111111
0 67 0.090909
0 71 0.125
0 75 0.1
0 82 0.142857
0 83 0.111111
0 141 0.2
0 145 0.2
1 5 0.02
1 6 0.034483
1 8 0.03125
1 9 0.02381
1 10 0.032258
1 15 0.034483
1 18 0.038462
1 19 0.055556
1 21 0.1
1 23 0.125
1 29 0.083333
1 31 0.111111
1 34 0.142857
1 38 0.071429
1 43 0.071429
1 45 0.111111
1 49 0.083333
1 50 0.111111
1 54 0.1
1 57 0.142857
1 60 0.083333
1 72 0.125
1 73 0.111111
1 85 0.166667
1 94 0.125
1 97 0.2
1 98 0.2
1 129 0.142857
1 130 0.142857
1 135 0.2
1 148 0.2
1 153 0.2
2 5 0.02
2 6 0.034483
2 12 0.047619
2 17 0.047619
2 19 0.055556
2 25 0.083333
2 30 0.071429
2 81 0.142857
2 98 0.2
2 102 0.2
3 5 0.02
3 6 0.034483
3 7 0.038462
3 8 0.03125
3 11 0.05
3 12 0.047619
3 16 0.047619
3 20 0.05
3 34 0.142857
3 35 0.166667
3 47 0.083333
3 61 0.111111
3 65 0.1
3 66 0.125
3 67 0.090909
3 72 0.125
3 82 0.142857
3 90 0.166667
3 140 0.166667
3 142 0.2
3 164 0.2
4 5 0.02
4 6 0.034483
4 7 0.038462
4 9 0.02381
4 13 0.04
4 15 0.034483
4 17 0.047619
4 18 0.038462
4 21 0.1
4 23 0.125
4 31 0.111111
4 37 0.066667
4 46 0.05
4 53 0.142857
4 59 0.111111
4 73 0.111111
4 75 0.1
4 80 0.166667
4 83 0.111111
4 85 0.166667
4 86 0.142857
4 88 0.142857
4 94 0.125
4 105 0.111111
4 107 0.2
4 139 0.125
4 141 0.2
4 150 0.2
4 166 0.2
5 6 0.034483
5 7 0.038462
5 8 0.03125
5 10 0.032258
5 11 0.05
5 13 0.04
5 16 0.047619
5 19 0.055556
5 20 0.05
5 24 0.1
5 25 0.083333
5 28 0.125
5 29 0.083333
5 30 0.071429
5 31 0.111111
5 32 0.142857
5 34 0.142857
5 38 0.071429
5 41 0.142857
5 45 0.111111
5 47 0.083333
5 48 0.142857
5 51 0.125
5 52 0.142857
5 53 0.142857
5 66 0.125
5 67 0.090909
5 72 0.125
5 77 0.125
5 91 0.166667
5 93 0.142857
5 104 0.166667
5 108 0.166667
5 110 0.166667
5 111 0.2
5 119 0.142857
5 120 0.2
5 124 0.166667
5 126 0.2
5 132 0.2
5 136 0.2
5 144 0.142857
5 146 0.166667
5 157 0.2
5 166 0.2
6 7 0.038462
6 8 0.03125
6 9 0.02381
6 10 0.032258
6 13 0.04
6 14 0.058824
6 20 0.05
6 22 0.071429
6 24 0.1
6 31 0.111111
6 39 0.047619
6 42 0.142857
6 44 0.142857
6 45 0.111111
6 46 0.05
6 49 0.083333
6 51 0.125
6 58 0.166667
6 68 0.111111
6 80 0.166667
6 100 0.142857
6 101 0.2
6 111 0.2
6 121 0.142857
7 8 0.03125
7 9 0.02381
7 10 0.032258
7 11 0.05
7 12 0.047619
7 16 0.047619
7 17 0.047619
7 18 0.038462
7 24 0.1
7 37 0.066667
7 40 0.142857
7 51 0.125
7 67 0.090909
7 71 0.125
7 84 0.1
7 126 0.2
7 129 0.142857
7 147 0.2
7 154 0.166667
7 157 0.2
7 158 0.166667
8 11 0.05
8 12 0.047619
8 13 0.04
8 14 0.058824
8 15 0.034483
8 16 0.047619
8 26 0.071429
8 31 0.111111
8 33 0.071429
8 41 0.142857
8 45 0.111111
8 49 0.083333
8 53 0.142857
8 63 0.166667
8 71 0.125
8 77 0.125
8 78 0.111111
8 93 0.142857
8 95 0.111111
8 99 0.142857
8 101 0.2
8 104 0.166667
8 114 0.2
8 121 0.142857
8 124 0.166667
8 142 0.2
8 163 0.2
9 10 0.032258
9 11 0.05
9 13 0.04
9 14 0.058824
9 15 0.034483
9 17 0.047619
9 21 0.1
9 25 0.083333
9 28 0.125
9 29 0.083333
9 30 0.071429
9 32 0.142857
9 35 0.166667
9 42 0.142857
9 44 0.142857
9 56 0.142857
9 65 0.1
9 69 0.166667
9 70 0.142857
9 73 0.111111
9 78 0.111111
9 81 0.142857
9 85 0.166667
9 86 0.142857
9 95 0.111111
9 100 0.142857
9 106 0.2
9 107 0.2
9 110 0.166667
9 111 0.2
9 126 0.2
9 129 0.142857
9 131 0.166667
9 143 0.2
9 151 0.142857
9 163 0.2
9 164 0.2
10 12 0.047619
10 20 0.05
10 21 0.1
10 28 0.125
10 29 0.083333
10 33 0.071429
10 35 0.166667
10 37 0.066667
10 39 0.047619
10 40 0.142857
10 47 0.083333
10 50 0.111111
10 61 0.111111
10 64 0.166667
10 65 0.1
10 70 0.142857
10 72 0.125
10 79 0.125
10 83 0.111111
10 89 0.166667
10 97 0.2
10 127 0.166667
10 148 0.2
10 161 0.2
10 166 0.2
10 167 0.2
11 22 0.071429
11 46 0.05
11 55 0.090909
11 57 0.142857
11 60 0.083333
11 68 0.111111
11 73 0.111111
11 95 0.111111
11 96 0.2
11 115 0.2
11 116 0.125
11 122 0.2
11 148 0.2
11 151 0.142857
11 154 0.166667
12 14 0.058824
12 15 0.034483
12 19 0.055556
12 24 0.1
12 25 0.083333
12 32 0.142857
12 39 0.047619
12 49 0.083333
12 62 0.111111
12 66 0.125
12 77 0.125
12 81 0.142857
12 84 0.1
12 87 0.111111
12 94 0.125
12 164 0.2
13 14 0.058824
13 17 0.047619
13 18 0.038462
13 22 0.071429
13 26 0.071429
13 27 0.083333
13 33 0.071429
13 34 0.142857
13 38 0.071429
13 42 0.142857
13 48 0.142857
13 50 0.111111
13 57 0.142857
13 64 0.166667
13 82 0.142857
13 91 0.166667
13 126 0.2
13 132 0.2
13 158 0.166667
13 159 0.2
14 16 0.047619
14 18 0.038462
14 23 0.125
14 36 0.111111
14 38 0.071429
14 41 0.142857
14 51 0.125
14 74 0.142857
14 81 0.142857
14 94 0.125
14 101 0.2
14 109 0.090909
15 24 0.1
15 26 0.071429
15 27 0.083333
15 37 0.066667
15 43 0.071429
15 44 0.142857
15 50 0.111111
15 55 0.090909
15 56 0.142857
15 60 0.083333
15 69 0.166667
15 71 0.125
15 76 0.142857
15 89 0.166667
15 92 0.2
15 105 0.111111
15 112 0.142857
15 113 0.166667
15 114 0.2
15 118 0.166667
15 140 0.166667
15 141 0.2
15 163 0.2
15 167 0.2
16 22 0.071429
16 28 0.125
16 38 0.071429
16 55 0.090909
16 58 0.166667
16 59 0.111111
16 62 0.111111
16 64 0.166667
16 66 0.125
16 68 0.111111
16 75 0.1
16 80 0.166667
16 82 0.142857
16 107 0.2
16 142 0.2
16 152 0.2
17 19 0.055556
17 20 0.05
17 26 0.071429
17 32 0.142857
17 37 0.066667
17 46 0.05
17 53 0.142857
17 62 0.111111
17 63 0.166667
17 74 0.142857
17 80 0.166667
17 89 0.166667
17 90 0.166667
17 102 0.2
17 105 0.111111
17 149 0.166667
18 21 0.1
18 27 0.083333
18 32 0.142857
18 34 0.142857
18 35 0.166667
18 42 0.142857
18 43 0.071429
18 55 0.090909
18 58 0.166667
18 60 0.083333
18 76 0.142857
18 84 0.1
18 88 0.142857
18 97 0.2
18 122 0.2
18 128 0.142857
18 137 0.166667
18 143 0.2
18 145 0.2
18 157 0.2
18 161 0.2
19 22 0.071429
19 25 0.083333
19 30 0.071429
19 33 0.071429
19 35 0.166667
19 65 0.1
19 91 0.166667
19 103 0.2
19 109 0.090909
19 111 0.2
19 156 0.2
19 159 0.2
19 163 0.2
20 23 0.125
20 27 0.083333
20 28 0.125
20 36 0.111111
20 44 0.142857
20 45 0.111111
20 86 0.142857
20 88 0.142857
20 116 0.125
20 135 0.2
20 139 0.125
20 140 0.166667
20 142 0.2
20 154 0.166667
20 162 0.2
21 23 0.125
21 52 0.142857
21 54 0.1
21 68 0.111111
21 115 0.2
22 33 0.071429
22 36 0.111111
22 49 0.083333
22 88 0.142857
22 89 0.166667
22 99 0.142857
22 103 0.2
22 108 0.166667
22 115 0.2
23 76 0.142857
23 113 0.166667
23 114 0.2
24 36 0.111111
24 51 0.125
24 52 0.142857
24 98 0.2
24 167 0.2
25 26 0.071429
25 29 0.083333
25 53 0.142857
25 107 0.2
25 115 0.2
25 118 0.166667
25 127 0.166667
26 36 0.111111
26 40 0.142857
26 43 0.071429
26 55 0.090909
26 58 0.166667
26 76 0.142857
26 79 0.125
26 122 0.2
26 162 0.2
27 39 0.047619
27 63 0.166667
27 83 0.111111
27 116 0.125
27 122 0.2
27 132 0.2
27 155 0.2
28 47 0.083333
28 104 0.166667
28 160 0.2
29 67 0.090909
29 68 0.111111
29 83 0.111111
29 124 0.166667
29 125 0.166667
29 130 0.142857
29 160 0.2
30 39 0.047619
30 52 0.142857
30 70 0.142857
30 74 0.142857
30 95 0.111111
30 97 0.2
30 106 0.2
30 117 0.2
30 123 0.142857
31 41 0.142857
31 76 0.142857
31 102 0.2
31 140 0.166667
32 40 0.142857
32 127 0.166667
33 46 0.05
33 54 0.1
33 77 0.125
33 103 0.2
33 108 0.166667
33 122 0.2
33 128 0.142857
33 131 0.166667
33 134 0.166667
34 59 0.111111
34 85 0.166667
35 94 0.125
36 48 0.142857
36 112 0.142857
36 139 0.125
36 148 0.2
37 60 0.083333
37 71 0.125
37 72 0.125
37 89 0.166667
37 92 0.2
37 98 0.2
37 100 0.142857
37 109 0.090909
37 148 0.2
37 155 0.2
38 43 0.071429
38 80 0.166667
38 87 0.111111
38 111 0.2
38 114 0.2
38 117 0.2
38 145 0.2
38 156 0.2
38 160 0.2
39 40 0.142857
39 42 0.142857
39 50 0.111111
39 56 0.142857
39 57 0.142857
39 59 0.111111
39 62 0.111111
39 79 0.125
39 88 0.142857
39 99 0.142857
39 134 0.166667
39 143 0.2
39 150 0.2
39 152 0.2
39 158 0.166667
39 161 0.2
40 41 0.142857
40 112 0.142857
41 77 0.125
41 86 0.142857
42 44 0.142857
42 59 0.111111
43 61 0.111111
43 62 0.111111
43 63 0.166667
43 69 0.166667
43 70 0.142857
43 108 0.166667
43 120 0.2
43 125 0.166667
43 156 0.2
44 48 0.142857
44 79 0.125
45 73 0.111111
45 98 0.2
45 103 0.2
45 133 0.166667
46 47 0.083333
46 48 0.142857
46 54 0.1
46 61 0.111111
46 66 0.125
46 84 0.1
46 110 0.166667
46 114 0.2
46 118 0.166667
46 121 0.142857
46 125 0.166667
46 132 0.2
46 137 0.166667
46 146 0.166667
46 160 0.2
47 56 0.142857
47 87 0.111111
47 100 0.142857
47 112 0.142857
47 123 0.142857
47 125 0.166667
47 147 0.2
48 54 0.1
48 116 0.125
49 52 0.142857
49 69 0.166667
49 97 0.2
49 106 0.2
49 109 0.090909
49 113 0.166667
49 147 0.2
50 78 0.111111
50 96 0.2
50 153 0.2
50 165 0.2
51 65 0.1
51 74 0.142857
51 162 0.2
52 56 0.142857
52 151 0.142857
53 70 0.142857
53 147 0.2
54 57 0.142857
54 99 0.142857
54 104 0.166667
54 105 0.111111
54 121 0.142857
55 86 0.142857
55 87 0.111111
55 107 0.2
55 119 0.142857
55 138 0.166667
55 155 0.2
56 58 0.166667
56 121 0.142857
57 90 0.166667
57 153 0.2
58 158 0.166667
59 64 0.166667
59 101 0.2
59 115 0.2
59 130 0.142857
60 69 0.166667
60 75 0.1
60 81 0.142857
60 91 0.166667
60 93 0.142857
60 118 0.166667
60 123 0.142857
61 93 0.142857
61 119 0.142857
61 133 0.166667
61 155 0.2
62 63 0.166667
62 64 0.166667
62 100 0.142857
62 103 0.2
63 78 0.111111
64 138 0.166667
65 102 0.2
65 119 0.142857
65 127 0.166667
65 132 0.2
65 150 0.2
66 74 0.142857
66 90 0.166667
66 108 0.166667
67 82 0.142857
67 104 0.166667
67 112 0.142857
67 134 0.166667
67 152 0.2
67 161 0.2
68 92 0.2
68 110 0.166667
68 123 0.142857
68 128 0.142857
69 155 0.2
70 79 0.125
70 162 0.2
71 78 0.111111
71 117 0.2
71 129 0.142857
72 75 0.1
72 106 0.2
72 153 0.2
73 92 0.2
73 136 0.2
73 137 0.166667
73 138 0.166667
74 96 0.2
74 131 0.166667
75 93 0.142857
75 95 0.111111
75 101 0.2
75 159 0.2
75 164 0.2
76 130 0.142857
76 141 0.2
77 90 0.166667
77 144 0.142857
77 151 0.142857
78 91 0.166667
78 135 0.2
78 146 0.166667
78 159 0.2
79 84 0.1
79 106 0.2
79 165 0.2
80 109 0.090909
81 85 0.166667
81 128 0.142857
82 119 0.142857
82 149 0.166667
83 113 0.166667
83 120 0.2
83 129 0.142857
83 165 0.2
84 87 0.111111
84 92 0.2
84 96 0.2
84 136 0.2
84 146 0.166667
85 113 0.166667
86 131 0.166667
86 152 0.2
87 96 0.2
87 105 0.111111
87 123 0.142857
87 137 0.166667
88 118 0.166667
88 134 0.166667
89 102 0.2
90 99 0.142857
91 144 0.142857
93 116 0.125
93 141 0.2
94 117 0.2
94 120 0.2
94 128 0.142857
95 130 0.142857
95 145 0.2
95 157 0.2
95 166 0.2
99 133 0.166667
99 142 0.2
100 143 0.2
100 149 0.166667
104 117 0.2
105 124 0.166667
105 131 0.166667
105 138 0.166667
105 162 0.2
108 146 0.166667
109 110 0.166667
109 133 0.166667
109 143 0.2
109 144 0.142857
109 149 0.166667
109 156 0.2
110 134 0.166667
112 136 0.2
112 158 0.166667
113 135 0.2
116 124 0.166667
116 127 0.166667
116 163 0.2
118 150 0.2
119 120 0.2
119 152 0.2
121 125 0.166667
121 126 0.2
123 136 0.2
123 157 0.2
124 137 0.166667
125 144 0.142857
127 133 0.166667
128 140 0.166667
128 147 0.2
129 151 0.142857
129 154 0.166667
130 165 0.2
130 167 0.2
131 135 0.2
133 139 0.125
134 139 0.125
137 138 0.166667
138 150 0.2
139 145 0.2
139 149 0.166667
139 165 0.2
140 166 0.2
144 161 0.2
144 164 0.2
146 167 0.2
149 154 0.166667
151 153 0.2
151 159 0.2
154 156 0.2
158 160 0.2
5 0 0.076923
7 0 0.076923
9 0 0.076923
27 0 0.076923
30 0 0.076923
61 0 0.076923
67 0 0.076923
71 0 0.076923
75 0 0.076923
82 0 0.076923
83 0 0.076923
141 0 0.076923
145 0 0.076923
5 1 0.03125
6 1 0.03125
8 1 0.03125
9 1 0.03125
10 1 0.03125
15 1 0.03125
18 1 0.03125
19 1 0.03125
21 1 0.03125
23 1 0.03125
29 1 0.03125
31 1 0.03125
34 1 0.03125
38 1 0.03125
43 1 0.03125
45 1 0.03125
49 1 0.03125
50 1 0.03125
54 1 0.03125
57 1 0.03125
60 1 0.03125
72 1 0.03125
73 1 0.03125
85 1 0.03125
94 1 0.03125
97 1 0.03125
98 1 0.03125
129 1 0.03125
130 1 0.03125
135 1 0.03125
148 1 0.03125
153 1 0.03125
5 2 0.1
6 2 0.1
12 2 0.1
17 2 0.1
19 2 0.1
25 2 0.1
30 2 0.1
81 2 0.1
98 2 0.1
102 2 0.1
5 3 0.047619
6 3 0.047619
7 3 0.047619
8 3 0.047619
11 3 0.047619
12 3 0.047619
16 3 0.047619
20 3 0.047619
34 3 0.047619
35 3 0.047619
47 3 0.047619
61 3 0.047619
65 3 0.047619
66 3 0.047619
67 3 0.047619
72 3 0.047619
82 3 0.047619
90 3 0.047619
140 3 0.047619
142 3 0.047619
164 3 0.047619
5 4 0.034483
6 4 0.034483
7 4 0.034483
9 4 0.034483
13 4 0.034483
15 4 0.034483
17 4 0.034483
18 4 0.034483
21 4 0.034483
23 4 0.034483
31 4 0.034483
37 4 0.034483
46 4 0.034483
53 4 0.034483
59 4 0.034483
73 4 0.034483
75 4 0.034483
80 4 0.034483
83 4 0.034483
85 4 0.034483
86 4 0.034483
88 4 0.034483
94 4 0.034483
105 4 0.034483
107 4 0.034483
139 4 0.034483
141 4 0.034483
150 4 0.034483
166 4 0.034483
6 5 0.02
7 5 0.02
8 5 0.02
10 5 0.02
11 5 0.02
13 5 0.02
16 5 0.02
19 5 0.02
20 5 0.02
24 5 0.02
25 5 0.02
28 5 0.02
29 5 0.02
30 5 0.02
31 5 0.02
32 5 0.02
34 5 0.02
38 5 0.02
41 5 0.02
45 5 0.02
47 5 0.02
48 5 0.02
51 5 0.02
52 5 0.02
53 5 0.02
66 5 0.02
67 5 0.02
72 5 0.02
77 5 0.02
91 5 0.02
93 5 0.02
104 5 0.02
108 5 0.02
110 5 0.02
111 5 0.02
119 5 0.02
120 5 0.02
124 5 0.02
126 5 0.02
132 5 0.02
136 5 0.02
144 5 0.02
146 5 0.02
157 5 0.02
166 5 0.02
7 6 0.034483
8 6 0.034483
9 6 0.034483
10 6 0.034483
13 6 0.034483
14 6 0.034483
20 6 0.034483
22 6 0.034483
24 6 0.034483
31 6 0.034483
39 6 0.034483
42 6 0.034483
44 6 0.034483
45 6 0.034483
46 6 0.034483
49 6 0.034483
51 6 0.034483
58 6 0.034483
68 6 0.034483
80 6 0.034483
100 6 0.034483
101 6 0.034483
111 6 0.034483
121 6 0.034483
8 7 0.038462
9 7 0.038462
10 7 0.038462
11 7 0.038462
12 7 0.038462
16 7 0.038462
17 7 0.038462
18 7 0.038462
24 7 0.038462
37 7 0.038462
40 7 0.038462
51 7 0.038462
67 7 0.038462
71 7 0.038462
84 7 0.038462
126 7 0.038462
129 7 0.038462
147 7 0.038462
154 7 0.038462
157 7 0.038462
158 7 0.038462
11 8 0.03125
12 8 0.03125
13 8 0.03125
14 8 0.03125
15 8 0.03125
16 8 0.03125
26 8 0.03125
31 8 0.03125
33 8 0.03125
41 8 0.03125
45 8 0.03125
49 8 0.03125
53 8 0.03125
63 8 0.03125
71 8 0.03125
77 8 0.03125
78 8 0.03125
93 8 0.03125
95 8 0.03125
99 8 0.03125
101 8 0.03125
104 8 0.03125
114 8 0.03125
121 8 0.03125
124 8 0.03125
142 8 0.03125
163 8 0.03125
10 9 0.02381
11 9 0.02381
13 9 0.02381
14 9 0.02381
15 9 0.02381
17 9 0.02381
21 9 0.02381
25 9 0.02381
28 9 0.02381
29 9 0.02381
30 9 0.02381
32 9 0.02381
35 9 0.02381
42 9 0.02381
44 9 0.02381
56 9 0.02381
65 9 0.02381
69 9 0.02381
70 9 0.02381
73 9 0.02381
78 9 0.02381
81 9 0.02381
85 9 0.02381
86 9 0.02381
95 9 0.02381
100 9 0.02381
106 9 0.02381
107 9 0.02381
110 9 0.02381
111 9 0.02381
126 9 0.02381
129 9 0.02381
131 9 0.02381
143 9 0.02381
151 9 0.02381
163 9 0.02381
164 9 0.02381
12 10 0.032258
20 10 0.032258
21 10 0.032258
28 10 0.032258
29 10 0.032258
33 10 0.032258
35 10 0.032258
37 10 0.032258
39 10 0.032258
40 10 0.032258
47 10 0.032258
50 10 0.032258
61 10 0.032258
64 10 0.032258
65 10 0.032258
70 10 0.032258
72 10 0.032258
79 10 0.032258
83 10 0.032258
89 10 0.032258
97 10 0.032258
127 10 0.032258
148 10 0.032258
161 10 0.032258
166 10 0.032258
167 10 0.032258
22 11 0.05
46 11 0.05
55 11 0.05
57 11 0.05
60 11 0.05
68 11 0.05
73 11 0.05
95 11 0.05
96 11 0.05
115 11 0.05
116 11 0.05
122 11 0.05
148 11 0.05
151 11 0.05
154 11 0.05
14 12 0.047619
15 12 0.047619
19 12 0.047619
24 12 0.047619
25 12 0.047619
32 12 0.047619
39 12 0.047619
49 12 0.047619
62 12 0.047619
66 12 0.047619
77 12 0.047619
81 12 0.047619
84 12 0.047619
87 12 0.047619
94 12 0.047619
164 12 0.047619
14 13 0.04
17 13 0.04
18 13 0.04
22 13 0.04
26 13 0.04
27 13 0.04
33 13 0.04
34 13 0.04
38 13 0.04
42 13 0.04
48 13 0.04
50 13 0.04
57 13 0.04
64 13 0.04
82 13 0.04
91 13 0.04
126 13 0.04
132 13 0.04
158 13 0.04
159 13 0.04
16 14 0.058824
18 14 0.058824
23 14 0.058824
36 14 0.058824
38 14 0.058824
41 14 0.058824
51 14 0.058824
74 14 0.058824
81 14 0.058824
94 14 0.058824
101 14 0.058824
109 14 0.058824
24 15 0.034483
26 15 0.034483
27 15 0.034483
37 15 0.034483
43 15 0.034483
44 15 0.034483
50 15 0.034483
55 15 0.034483
56 15 0.034483
60 15 0.034483
69 15 0.034483
71 15 0.034483
76 15 0.034483
89 15 0.034483
92 15 0.034483
105 15 0.034483
112 15 0.034483
113 15 0.034483
114 15 0.034483
118 15 0.034483
140 15 0.034483
141 15 0.034483
163 15 0.034483
167 15 0.034483
22 16 0.047619
28 16 0.047619
38 16 0.047619
55 16 0.047619
58 16 0.047619
59 16 0.047619
62 16 0.047619
64 16 0.047619
66 16 0.047619
68 16 0.047619
75 16 0.047619
80 16 0.047619
82 16 0.047619
107 16 0.047619
142 16 0.047619
152 16 0.047619
19 17 0.047619
20 17 0.047619
26 17 0.047619
32 17 0.047619
37 17 0.047619
46 17 0.047619
53 17 0.047619
62 17 0.047619
63 17 0.047619
74 17 0.047619
80 17 0.047619
89 17 0.047619
90 17 0.047619
102 17 0.047619
105 17 0.047619
149 17 0.047619
21 18 0.038462
27 18 0.038462
32 18 0.038462
34 18 0.038462
35 18 0.038462
42 18 0.038462
43 18 0.038462
55 18 0.038462
58 18 0.038462
60 18 0.038462
76 18 0.038462
84 18 0.038462
88 18 0.038462
97 18 0.038462
122 18 0.038462
128 18 0.038462
137 18 0.038462
143 18 0.038462
145 18 0.038462
157 18 0.038462
161 18 0.038462
22 19 0.055556
25 19 0.055556
30 19 0.055556
33 19 0.055556
35 19 0.055556
65 19 0.055556
91 19 0.055556
103 19 0.055556
109 19 0.055556
111 19 0.055556
156 19 0.055556
159 19 0.055556
163 19 0.055556
23 20 0.05
27 20 0.05
28 20 0.05
36 20 0.05
44 20 0.05
45 20 0.05
86 20 0.05
88 20 0.05
116 20 0.05
135 20 0.05
139 20 0.05
140 20 0.05
142 20 0.05
154 20 0.05
162 20 0.05
23 21 0.1
52 21 0.1
54 21 0.1
68 21 0.1
115 21 0.1
33 22 0.071429
36 22 0.071429
49 22 0.071429
88 22 0.071429
89 22 0.071429
99 22 0.071429
103 22 0.071429
108 22 0.071429
115 22 0.071429
76 23 0.125
113 23 0.125
114 23 0.125
36 24 0.1
51 24 0.1
52 24 0.1
98 24 0.1
167 24 0.1
26 25 0.083333
29 25 0.083333
53 25 0.083333
107 25 0.083333
115 25 0.083333
118 25 0.083333
127 25 0.083333
36 26 0.071429
40 26 0.071429
43 26 0.071429
55 26 0.071429
58 26 0.071429
76 26 0.071429
79 26 0.071429
122 26 0.071429
162 26 0.071429
39 27 0.083333
63 27 0.083333
83 27 0.083333
116 27 0.083333
122 27 0.083333
132 27 0.083333
155 27 0.083333
47 28 0.125
104 28 0.125
160 28 0.125
67 29 0.083333
68 29 0.083333
83 29 0.083333
124 29 0.083333
125 29 0.083333
130 29 0.083333
160 29 0.083333
39 30 0.071429
52 30 0.071429
70 30 0.071429
74 30 0.071429
95 30 0.071429
97 30 0.071429
106 30 0.071429
117 30 0.071429
123 30 0.071429
41 31 0.111111
76 31 0.111111
102 31 0.111111
140 31 0.111111
40 32 0.142857
127 32 0.142857
46 33 0.071429
54 33 0.071429
77 33 0.071429
103 33 0.071429
108 33 0.071429
122 33 0.071429
128 33 0.071429
131 33 0.071429
134 33 0.071429
59 34 0.142857
85 34 0.142857
94 35 0.166667
48 36 0.111111
112 36 0.111111
139 36 0.111111
148 36 0.111111
60 37 0.066667
71 37 0.066667
72 37 0.066667
89 37 0.066667
92 37 0.066667
98 37 0.066667
100 37 0.066667
109 37 0.066667
148 37 0.066667
155 37 0.066667
43 38 0.071429
80 38 0.071429
87 38 0.071429
111 38 0.071429
114 38 0.071429
117 38 0.071429
145 38 0.071429
156 38 0.071429
160 38 0.071429
40 39 0.047619
42 39 0.047619
50 39 0.047619
56 39 0.047619
57 39 0.047619
59 39 0.047619
62 39 0.047619
79 39 0.047619
88 39 0.047619
99 39 0.047619
134 39 0.047619
143 39 0.047619
150 39 0.047619
152 39 0.047619
158 39 0.047619
161 39 0.047619
41 40 0.142857
112 40 0.142857
77 41 0.142857
86 41 0.142857
44 42 0.142857
59 42 0.142857
61 43 0.071429
62 43 0.071429
63 43 0.071429
69 43 0.071429
70 43 0.071429
108 43 0.071429
120 43 0.071429
125 43 0.071429
156 43 0.071429
48 44 0.142857
79 44 0.142857
73 45 0.111111
98 45 0.111111
103 45 0.111111
133 45 0.111111
47 46 0.05
48 46 0.05
54 46 0.05
61 46 0.05
66 46 0.05
84 46 0.05
110 46 0.05
114 46 0.05
118 46 0.05
121 46 0.05
125 46 0.05
132 46 0.05
137 46 0.05
146 46 0.05
160 46 0.05
56 47 0.083333
87 47 0.083333
100 47 0.083333
112 47 0.083333
123 47 0.083333
125 47 0.083333
147 47 0.083333
54 48 0.142857
116 48 0.142857
52 49 0.083333
69 49 0.083333
97 49 0.083333
106 49 0.083333
109 49 0.083333
113 49 0.083333
147 49 0.083333
78 50 0.111111
96 50 0.111111
153 50 0.111111
165 50 0.111111
65 51 0.125
74 51 0.125
162 51 0.125
56 52 0.142857
151 52 0.142857
70 53 0.142857
147 53 0.142857
57 54 0.1
99 54 0.1
104 54 0.1
105 54 0.1
121 54 0.1
86 55 0.090909
87 55 0.090909
107 55 0.090909
119 55 0.090909
138 55 0.090909
155 55 0.090909
58 56 0.142857
121 56 0.142857
90 57 0.142857
153 57 0.142857
158 58 0.166667
64 59 0.111111
101 59 0.111111
115 59 0.111111
130 59 0.111111
69 60 0.083333
75 60 0.083333
81 60 0.083333
91 60 0.083333
93 60 0.083333
118 60 0.083333
123 60 0.083333
93 61 0.111111
119 61 0.111111
133 61 0.111111
155 61 0.111111
63 62 0.111111
64 62 0.111111
100 62 0.111111
103 62 0.111111
78 63 0.166667
138 64 0.166667
102 65 0.1
119 65 0.1
127 65 0.1
132 65 0.1
150 65 0.1
74 66 0.125
90 66 0.125
108 66 0.125
82 67 0.090909
104 67 0.090909
112 67 0.090909
134 67 0.090909
152 67 0.090909
161 67 0.090909
92 68 0.111111
110 68 0.111111
123 68 0.111111
128 68 0.111111
155 69 0.166667
79 70 0.142857
162 70 0.142857
78 71 0.125
117 71 0.125
129 71 0.125
75 72 0.125
106 72 0.125
153 72 0.125
92 73 0.111111
136 73 0.111111
137 73 0.111111
138 73 0.111111
96 74 0.142857
131 74 0.142857
93 75 0.1
95 75 0.1
101 75 0.1
159 75 0.1
164 75 0.1
130 76 0.142857
141 76 0.142857
90 77 0.125
144 77 0.125
151 77 0.125
91 78 0.111111
135 78 0.111111
146 78 0.111111
159 78 0.111111
84 79 0.125
106 79 0.125
165 79 0.125
109 80 0.166667
85 81 0.142857
128 81 0.142857
119 82 0.142857
149 82 0.142857
113 83 0.111111
120 83 0.111111
129 83 0.111111
165 83 0.111111
87 84 0.1
92 84 0.1
96 84 0.1
136 84 0.1
146 84 0.1
113 85 0.166667
131 86 0.142857
152 86 0.142857
96 87 0.111111
105 87 0.111111
123 87 0.111111
137 87 0.111111
118 88 0.142857
134 88 0.142857
102 89 0.166667
99 90 0.166667
144 91 0.166667
116 93 0.142857
141 93 0.142857
117 94 0.125
120 94 0.125
128 94 0.125
130 95 0.111111
145 95 0.111111
157 95 0.111111
166 95 0.111111
133 99 0.142857
142 99 0.142857
143 100 0.142857
149 100 0.142857
117 104 0.166667
124 105 0.111111
131 105 0.111111
138 105 0.111111
162 105 0.111111
146 108 0.166667
110 109 0.090909
133 109 0.090909
143 109 0.090909
144 109 0.090909
149 109 0.090909
156 109 0.090909
134 110 0.166667
136 112 0.142857
158 112 0.142857
135 113 0.166667
124 116 0.125
127 116 0.125
163 116 0.125
150 118 0.166667
120 119 0.142857
152 119 0.142857
125 121 0.142857
126 121 0.142857
136 123 0.142857
157 123 0.142857
137 124 0.166667
144 125 0.166667
133 127 0.166667
140 128 0.142857
147 128 0.142857
151 129 0.142857
154 129 0.142857
165 130 0.142857
167 130 0.142857
135 131 0.166667
139 133 0.166667
139 134 0.166667
138 137 0.166667
150 138 0.166667
145 139 0.125
149 139 0.125
165 139 0.125
166 140 0.166667
161 144 0.142857
164 144 0.142857
167 146 0.166667
154 149 0.166667
153 151 0.142857
159 151 0.142857
156 154 0.166667
160 158 0.166667
