0 5 0.03125
0 6 0.02
0 7 0.041667
0 15 0.083333
0 17 0.071429
0 25 0.041667
0 28 0.1
0 43 0.076923
0 44 0.125
0 48 0.066667
0 50 0.090909
0 52 0.142857
0 60 0.111111
0 63 0.142857
0 67 0.1
0 68 0.166667
0 79 0.125
0 81 0.1
0 89 0.142857
0 95 0.2
0 98 0.125
0 120 0.142857
0 140 0.2
0 161 0.166667
1 5 0.03125
1 6 0.02
1 8 0.025
1 9 0.02381
1 16 0.047619
1 18 0.052632
1 19 0.055556
1 22 0.058824
1 24 0.066667
1 27 0.052632
1 41 0.2
1 47 0.142857
1 54 0.1
1 64 0.166667
1 68 0.166667
1 71 0.083333
1 81 0.1
1 96 0.111111
1 99 0.2
1 101 0.2
1 105 0.125
1 123 0.2
1 128 0.142857
1 139 0.2
1 147 0.166667
1 173 0.2
1 187 0.2
2 5 0.03125
2 6 0.02
2 7 0.041667
2 9 0.02381
2 13 0.04
2 16 0.047619
2 18 0.052632
2 19 0.055556
2 20 0.055556
2 21 0.037037
2 22 0.058824
2 24 0.066667
2 28 0.1
2 36 0.142857
2 41 0.2
2 52 0.142857
2 53 0.111111
2 159 0.166667
2 161 0.166667
2 175 0.2
2 178 0.166667
2 183 0.2
2 185 0.2
2 187 0.2
3 5 0.03125
3 7 0.041667
3 8 0.025
3 19 0.055556
3 35 0.1
3 44 0.125
3 89 0.142857
3 90 0.1
3 105 0.125
3 113 0.166667
3 121 0.2
3 131 0.142857
3 135 0.142857
3 166 0.2
3 190 0.2
4 5 0.03125
4 6 0.02
4 10 0.030303
4 11 0.043478
4 12 0.045455
4 13 0.04
4 14 0.052632
4 19 0.055556
4 20 0.055556
4 27 0.052632
4 29 0.090909
4 35 0.1
4 42 0.066667
4 46 0.142857
4 51 0.043478
4 54 0.1
4 59 0.1
4 62 0.111111
4 73 0.142857
4 74 0.166667
4 99 0.2
4 115 0.090909
4 117 0.1
4 123 0.2
4 147 0.166667
4 191 0.2
5 6 0.02
5 7 0.041667
5 8 0.025
5 9 0.02381
5 10 0.030303
5 12 0.045455
5 20 0.055556
5 25 0.041667
5 26 0.071429
5 42 0.066667
5 43 0.076923
5 44 0.125
5 57 0.125
5 66 0.142857
5 68 0.166667
5 73 0.142857
5 86 0.125
5 90 0.1
5 91 0.1
5 113 0.166667
5 115 0.090909
5 118 0.2
5 141 0.2
5 149 0.166667
5 160 0.2
5 163 0.166667
5 182 0.2
6 7 0.041667
6 8 0.025
6 9 0.02381
6 11 0.043478
6 12 0.045455
6 13 0.04
6 14 0.052632
6 15 0.083333
6 16 0.047619
6 18 0.052632
6 21 0.037037
6 26 0.071429
6 27 0.052632
6 28 0.1
6 32 0.1
6 33 0.066667
6 36 0.142857
6 38 0.125
6 42 0.066667
6 45 0.090909
6 55 0.055556
6 58 0.111111
6 65 0.111111
6 72 0.166667
6 75 0.166667
6 76 0.125
6 77 0.1
6 78 0.142857
6 79 0.125
6 80 0.111111
6 84 0.142857
6 86 0.125
6 102 0.111111
6 104 0.166667
6 107 0.166667
6 110 0.142857
6 126 0.2
6 139 0.2
6 151 0.2
6 152 0.142857
6 157 0.166667
6 159 0.166667
6 171 0.2
6 179 0.2
6 189 0.2
7 8 0.025
7 10 0.030303
7 11 0.043478
7 22 0.058824
7 24 0.066667
7 25 0.041667
7 30 0.090909
7 31 0.0625
7 34 0.1
7 39 0.05
7 45 0.090909
7 49 0.076923
7 51 0.043478
7 74 0.166667
7 83 0.142857
7 89 0.142857
7 93 0.142857
7 111 0.166667
7 181 0.2
8 9 0.02381
8 10 0.030303
8 14 0.052632
8 15 0.083333
8 18 0.052632
8 19 0.055556
8 20 0.055556
8 26 0.071429
8 27 0.052632
8 28 0.1
8 34 0.1
8 35 0.1
8 36 0.142857
8 41 0.2
8 42 0.066667
8 43 0.076923
8 49 0.076923
8 56 0.111111
8 82 0.125
8 87 0.142857
8 89 0.142857
8 97 0.142857
8 104 0.166667
8 111 0.166667
8 119 0.166667
8 125 0.2
8 126 0.2
8 135 0.142857
8 138 0.125
8 142 0.2
8 143 0.166667
8 145 0.2
8 158 0.2
8 163 0.166667
8 174 0.2
9 10 0.030303
9 11 0.043478
9 12 0.045455
9 13 0.04
9 14 0.052632
9 17 0.071429
9 22 0.058824
9 25 0.041667
9 28 0.1
9 31 0.0625
9 33 0.066667
9 37 0.076923
9 38 0.125
9 40 0.076923
9 44 0.125
9 45 0.090909
9 46 0.142857
9 49 0.076923
9 56 0.111111
9 57 0.125
9 58 0.111111
9 67 0.1
9 75 0.166667
9 85 0.2
9 87 0.142857
9 96 0.111111
9 99 0.2
9 100 0.1
9 102 0.111111
9 114 0.1
9 117 0.1
9 122 0.142857
9 129 0.2
9 132 0.125
9 137 0.2
9 158 0.2
9 190 0.2
10 11 0.043478
10 12 0.045455
10 17 0.071429
10 21 0.037037
10 22 0.058824
10 29 0.090909
10 33 0.066667
10 34 0.1
10 35 0.1
10 52 0.142857
10 56 0.111111
10 71 0.083333
10 75 0.166667
10 83 0.142857
10 90 0.1
10 117 0.1
10 122 0.142857
10 125 0.2
10 132 0.125
10 144 0.2
10 146 0.166667
10 150 0.2
10 169 0.2
10 171 0.2
10 177 0.2
10 178 0.166667
10 188 0.2
10 190 0.2
11 13 0.04
11 14 0.052632
11 15 0.083333
11 16 0.047619
11 20 0.055556
11 29 0.090909
11 31 0.0625
11 57 0.125
11 58 0.111111
11 72 0.166667
11 83 0.142857
11 85 0.2
11 92 0.090909
11 100 0.1
11 106 0.125
11 107 0.166667
11 177 0.2
11 190 0.2
12 18 0.052632
12 21 0.037037
12 30 0.090909
12 37 0.076923
12 38 0.125
12 45 0.090909
12 57 0.125
12 60 0.111111
12 66 0.142857
12 77 0.1
12 79 0.125
12 92 0.090909
12 114 0.1
12 137 0.2
12 141 0.2
12 145 0.2
12 162 0.2
13 15 0.083333
13 23 0.076923
13 29 0.090909
13 32 0.1
13 48 0.066667
13 59 0.1
13 61 0.125
13 78 0.142857
13 91 0.1
13 93 0.142857
13 95 0.2
13 96 0.111111
13 118 0.2
13 125 0.2
13 148 0.166667
13 164 0.2
13 166 0.2
13 168 0.166667
13 191 0.2
13 192 0.2
14 16 0.047619
14 17 0.071429
14 59 0.1
14 97 0.142857
14 100 0.1
14 123 0.2
14 128 0.142857
14 130 0.2
14 132 0.125
14 134 0.166667
14 138 0.125
14 144 0.2
14 175 0.2
14 187 0.2
15 23 0.076923
15 43 0.076923
15 55 0.055556
15 65 0.111111
15 107 0.166667
15 152 0.142857
15 166 0.2
16 17 0.071429
16 23 0.076923
16 31 0.0625
16 36 0.142857
16 37 0.076923
16 43 0.076923
16 49 0.076923
16 61 0.125
16 63 0.142857
16 65 0.111111
16 68 0.166667
16 85 0.2
16 97 0.142857
16 159 0.166667
16 181 0.2
16 183 0.2
17 24 0.066667
17 32 0.1
17 40 0.076923
17 73 0.142857
17 121 0.2
17 145 0.2
17 155 0.2
17 184 0.2
17 188 0.2
18 21 0.037037
18 24 0.066667
18 26 0.071429
18 30 0.090909
18 41 0.2
18 52 0.142857
18 77 0.1
18 79 0.125
18 110 0.142857
18 140 0.2
18 143 0.166667
18 150 0.2
18 169 0.2
18 182 0.2
19 35 0.1
19 39 0.05
19 48 0.066667
19 63 0.142857
19 81 0.1
19 82 0.125
19 101 0.2
19 104 0.166667
19 120 0.142857
19 127 0.142857
19 131 0.142857
19 158 0.2
19 172 0.166667
20 33 0.066667
20 38 0.125
20 39 0.05
20 42 0.066667
20 46 0.142857
20 47 0.142857
20 97 0.142857
20 103 0.142857
20 107 0.166667
20 110 0.142857
20 174 0.2
20 181 0.2
20 183 0.2
21 23 0.076923
21 25 0.041667
21 26 0.071429
21 32 0.1
21 34 0.1
21 50 0.090909
21 52 0.142857
21 61 0.125
21 62 0.111111
21 64 0.166667
21 70 0.2
21 71 0.083333
21 74 0.166667
21 84 0.142857
21 86 0.125
21 98 0.125
21 103 0.142857
21 104 0.166667
21 113 0.166667
21 154 0.2
21 186 0.2
21 188 0.2
22 23 0.076923
22 40 0.076923
22 51 0.043478
22 57 0.125
22 69 0.2
22 93 0.142857
22 118 0.2
22 122 0.142857
22 134 0.166667
22 168 0.166667
22 188 0.2
22 189 0.2
23 31 0.0625
23 34 0.1
23 37 0.076923
23 62 0.111111
23 91 0.1
23 118 0.2
23 139 0.2
23 182 0.2
24 30 0.090909
24 39 0.05
24 50 0.090909
24 53 0.111111
24 69 0.2
24 70 0.2
24 88 0.111111
24 94 0.1
24 103 0.142857
24 110 0.142857
25 27 0.052632
25 36 0.142857
25 41 0.2
25 47 0.142857
25 50 0.090909
25 54 0.1
25 56 0.111111
25 70 0.2
25 76 0.125
25 82 0.125
25 92 0.090909
25 107 0.166667
25 122 0.142857
25 124 0.142857
25 143 0.166667
25 152 0.142857
25 155 0.2
25 176 0.166667
25 182 0.2
26 37 0.076923
26 53 0.111111
26 54 0.1
26 61 0.125
26 78 0.142857
26 83 0.142857
26 158 0.2
26 161 0.166667
26 192 0.2
27 29 0.090909
27 39 0.05
27 49 0.076923
27 50 0.090909
27 60 0.111111
27 62 0.111111
27 83 0.142857
27 102 0.111111
27 109 0.166667
27 137 0.2
27 141 0.2
27 157 0.166667
27 176 0.166667
27 186 0.2
28 40 0.076923
28 86 0.125
28 124 0.142857
28 146 0.166667
28 186 0.2
29 30 0.090909
29 32 0.1
29 47 0.142857
29 63 0.142857
29 80 0.111111
29 125 0.2
30 45 0.090909
30 46 0.142857
30 59 0.1
30 88 0.111111
30 120 0.142857
30 179 0.2
31 59 0.1
31 73 0.142857
31 90 0.1
31 95 0.2
31 109 0.166667
31 115 0.090909
31 117 0.1
31 119 0.166667
31 124 0.142857
31 147 0.166667
31 165 0.166667
32 33 0.066667
32 76 0.125
32 77 0.1
32 85 0.2
32 170 0.2
33 51 0.043478
33 63 0.142857
33 65 0.111111
33 66 0.142857
33 69 0.2
33 88 0.111111
33 106 0.125
33 133 0.166667
33 137 0.2
33 168 0.166667
34 109 0.166667
34 129 0.2
34 130 0.2
34 185 0.2
34 192 0.2
35 76 0.125
35 90 0.1
35 100 0.1
35 149 0.166667
35 167 0.166667
36 80 0.111111
36 97 0.142857
37 38 0.125
37 53 0.111111
37 55 0.055556
37 67 0.1
37 87 0.142857
37 105 0.125
37 106 0.125
37 117 0.1
38 71 0.083333
38 165 0.166667
38 166 0.2
39 40 0.076923
39 48 0.066667
39 51 0.043478
39 85 0.2
39 93 0.142857
39 111 0.166667
39 121 0.2
39 133 0.166667
39 134 0.166667
39 141 0.2
39 154 0.2
39 160 0.2
39 171 0.2
39 176 0.166667
39 183 0.2
40 46 0.142857
40 54 0.1
40 55 0.055556
40 72 0.166667
40 78 0.142857
40 94 0.1
40 163 0.166667
40 167 0.166667
42 44 0.125
42 47 0.142857
42 48 0.066667
42 56 0.111111
42 66 0.142857
42 92 0.090909
42 96 0.111111
42 123 0.2
42 162 0.2
42 181 0.2
43 58 0.111111
43 60 0.111111
43 68 0.166667
43 88 0.111111
43 99 0.2
43 116 0.2
43 127 0.142857
43 148 0.166667
44 58 0.111111
44 101 0.2
44 169 0.2
45 80 0.111111
45 112 0.142857
45 113 0.166667
45 116 0.2
45 126 0.2
45 165 0.166667
46 94 0.1
46 122 0.142857
47 64 0.166667
47 177 0.2
48 60 0.111111
48 61 0.125
48 64 0.166667
48 80 0.111111
48 91 0.1
48 108 0.125
48 121 0.2
48 142 0.2
48 145 0.2
48 162 0.2
49 67 0.1
49 75 0.166667
49 81 0.1
49 82 0.125
49 86 0.125
49 109 0.166667
49 112 0.142857
49 152 0.142857
50 67 0.1
50 70 0.2
50 106 0.125
50 108 0.125
50 169 0.2
50 173 0.2
51 53 0.111111
51 55 0.055556
51 69 0.2
51 74 0.166667
51 92 0.090909
51 115 0.090909
51 128 0.142857
51 136 0.166667
51 138 0.125
51 147 0.166667
51 149 0.166667
51 153 0.2
51 154 0.2
51 168 0.166667
51 177 0.2
51 179 0.2
51 184 0.2
51 185 0.2
52 112 0.142857
52 162 0.2
53 151 0.2
53 170 0.2
53 172 0.166667
53 178 0.166667
54 64 0.166667
54 71 0.083333
54 129 0.2
54 130 0.2
54 156 0.2
55 66 0.142857
55 73 0.142857
55 76 0.125
55 91 0.1
55 105 0.125
55 109 0.166667
55 111 0.166667
55 115 0.090909
55 127 0.142857
55 137 0.2
55 141 0.2
55 168 0.166667
55 182 0.2
56 69 0.2
56 72 0.166667
56 101 0.2
56 175 0.2
57 105 0.125
57 120 0.142857
57 167 0.166667
58 62 0.111111
58 110 0.142857
58 124 0.142857
58 159 0.166667
59 74 0.166667
59 94 0.1
59 129 0.2
59 136 0.166667
59 150 0.2
60 94 0.1
60 139 0.2
60 142 0.2
60 180 0.2
61 102 0.111111
61 136 0.166667
61 167 0.166667
62 65 0.111111
62 84 0.142857
62 173 0.2
62 185 0.2
63 88 0.111111
63 127 0.142857
64 93 0.142857
65 84 0.142857
65 119 0.166667
65 174 0.2
65 181 0.2
66 78 0.142857
66 81 0.1
67 70 0.2
67 87 0.142857
67 135 0.142857
67 144 0.2
67 192 0.2
68 72 0.166667
71 75 0.166667
71 77 0.1
71 135 0.142857
71 139 0.2
71 156 0.2
71 164 0.2
71 179 0.2
72 89 0.142857
73 100 0.1
73 108 0.125
74 161 0.166667
75 128 0.142857
76 98 0.125
76 114 0.1
76 161 0.166667
77 79 0.125
77 82 0.125
77 87 0.142857
77 140 0.2
77 151 0.2
78 108 0.125
78 138 0.125
79 120 0.142857
79 131 0.142857
79 190 0.2
80 95 0.2
80 103 0.142857
80 119 0.166667
80 143 0.166667
81 84 0.142857
81 95 0.2
81 125 0.2
81 158 0.2
81 175 0.2
82 151 0.2
82 155 0.2
82 172 0.166667
83 126 0.2
83 183 0.2
84 101 0.2
84 160 0.2
86 108 0.125
86 118 0.2
86 144 0.2
87 104 0.166667
87 146 0.166667
88 116 0.2
88 129 0.2
88 153 0.2
88 180 0.2
89 103 0.142857
89 165 0.166667
90 102 0.111111
90 135 0.142857
90 148 0.166667
90 180 0.2
90 187 0.2
91 96 0.111111
91 112 0.142857
91 114 0.1
91 127 0.142857
91 163 0.166667
92 99 0.2
92 111 0.166667
92 148 0.166667
92 157 0.166667
92 171 0.2
92 174 0.2
93 142 0.2
93 176 0.166667
94 98 0.125
94 128 0.142857
94 146 0.166667
94 153 0.2
94 157 0.166667
96 98 0.125
96 123 0.2
96 132 0.125
96 192 0.2
97 119 0.166667
97 164 0.2
98 156 0.2
98 170 0.2
98 178 0.166667
100 131 0.142857
100 149 0.166667
100 156 0.2
100 175 0.2
100 185 0.2
102 126 0.2
102 133 0.166667
102 155 0.2
102 164 0.2
103 121 0.2
103 145 0.2
104 106 0.125
105 112 0.142857
105 113 0.166667
105 133 0.166667
106 131 0.142857
106 144 0.2
106 191 0.2
107 132 0.125
108 114 0.1
108 130 0.2
108 179 0.2
109 162 0.2
110 116 0.2
110 189 0.2
111 159 0.166667
112 138 0.125
112 163 0.166667
113 130 0.2
114 134 0.166667
114 147 0.166667
114 160 0.2
114 172 0.166667
114 177 0.2
115 116 0.2
115 142 0.2
115 154 0.2
115 157 0.166667
115 172 0.166667
115 191 0.2
117 124 0.142857
117 166 0.2
117 170 0.2
117 187 0.2
117 189 0.2
119 134 0.166667
120 150 0.2
120 167 0.166667
122 170 0.2
122 191 0.2
124 184 0.2
124 189 0.2
127 136 0.166667
127 146 0.166667
128 140 0.2
128 180 0.2
131 133 0.166667
131 151 0.2
132 136 0.166667
132 152 0.142857
132 154 0.2
133 155 0.2
134 153 0.2
135 140 0.2
135 164 0.2
136 149 0.166667
138 143 0.166667
138 150 0.2
138 156 0.2
143 148 0.166667
146 160 0.2
147 153 0.2
148 174 0.2
149 173 0.2
152 165 0.166667
152 178 0.166667
157 173 0.2
159 184 0.2
161 180 0.2
163 184 0.2
165 171 0.2
167 186 0.2
168 169 0.2
172 176 0.166667
176 186 0.2
178 188 0.2
5 0 0.041667
6 0 0.041667
7 0 0.041667
15 0 0.041667
17 0 0.041667
25 0 0.041667
28 0 0.041667
43 0 0.041667
44 0 0.041667
48 0 0.041667
50 0 0.041667
52 0 0.041667
60 0 0.041667
63 0 0.041667
67 0 0.041667
68 0 0.041667
79 0 0.041667
81 0 0.041667
89 0 0.041667
95 0 0.041667
98 0 0.041667
120 0 0.041667
140 0 0.041667
161 0 0.041667
5 1 0.037037
6 1 0.037037
8 1 0.037037
9 1 0.037037
16 1 0.037037
18 1 0.037037
19 1 0.037037
22 1 0.037037
24 1 0.037037
27 1 0.037037
41 1 0.037037
47 1 0.037037
54 1 0.037037
64 1 0.037037
68 1 0.037037
71 1 0.037037
81 1 0.037037
96 1 0.037037
99 1 0.037037
101 1 0.037037
105 1 0.037037
123 1 0.037037
128 1 0.037037
139 1 0.037037
147 1 0.037037
173 1 0.037037
187 1 0.037037
5 2 0.041667
6 2 0.041667
7 2 0.041667
9 2 0.041667
13 2 0.041667
16 2 0.041667
18 2 0.041667
19 2 0.041667
20 2 0.041667
21 2 0.041667
22 2 0.041667
24 2 0.041667
28 2 0.041667
36 2 0.041667
41 2 0.041667
52 2 0.041667
53 2 0.041667
159 2 0.041667
161 2 0.041667
175 2 0.041667
178 2 0.041667
183 2 0.041667
185 2 0.041667
187 2 0.041667
5 3 0.066667
7 3 0.066667
8 3 0.066667
19 3 0.066667
35 3 0.066667
44 3 0.066667
89 3 0.066667
90 3 0.066667
105 3 0.066667
113 3 0.066667
121 3 0.066667
131 3 0.066667
135 3 0.066667
166 3 0.066667
190 3 0.066667
5 4 0.038462
6 4 0.038462
10 4 0.038462
11 4 0.038462
12 4 0.038462
13 4 0.038462
14 4 0.038462
19 4 0.038462
20 4 0.038462
27 4 0.038462
29 4 0.038462
35 4 0.038462
42 4 0.038462
46 4 0.038462
51 4 0.038462
54 4 0.038462
59 4 0.038462
62 4 0.038462
73 4 0.038462
74 4 0.038462
99 4 0.038462
115 4 0.038462
117 4 0.038462
123 4 0.038462
147 4 0.038462
191 4 0.038462
6 5 0.03125
7 5 0.03125
8 5 0.03125
9 5 0.03125
10 5 0.03125
12 5 0.03125
20 5 0.03125
25 5 0.03125
26 5 0.03125
42 5 0.03125
43 5 0.03125
44 5 0.03125
57 5 0.03125
66 5 0.03125
68 5 0.03125
73 5 0.03125
86 5 0.03125
90 5 0.03125
91 5 0.03125
113 5 0.03125
115 5 0.03125
118 5 0.03125
141 5 0.03125
149 5 0.03125
160 5 0.03125
163 5 0.03125
182 5 0.03125
7 6 0.02
8 6 0.02
9 6 0.02
11 6 0.02
12 6 0.02
13 6 0.02
14 6 0.02
15 6 0.02
16 6 0.02
18 6 0.02
21 6 0.02
26 6 0.02
27 6 0.02
28 6 0.02
32 6 0.02
33 6 0.02
36 6 0.02
38 6 0.02
42 6 0.02
45 6 0.02
55 6 0.02
58 6 0.02
65 6 0.02
72 6 0.02
75 6 0.02
76 6 0.02
77 6 0.02
78 6 0.02
79 6 0.02
80 6 0.02
84 6 0.02
86 6 0.02
102 6 0.02
104 6 0.02
107 6 0.02
110 6 0.02
126 6 0.02
139 6 0.02
151 6 0.02
152 6 0.02
157 6 0.02
159 6 0.02
171 6 0.02
179 6 0.02
189 6 0.02
8 7 0.041667
10 7 0.041667
11 7 0.041667
22 7 0.041667
24 7 0.041667
25 7 0.041667
30 7 0.041667
31 7 0.041667
34 7 0.041667
39 7 0.041667
45 7 0.041667
49 7 0.041667
51 7 0.041667
74 7 0.041667
83 7 0.041667
89 7 0.041667
93 7 0.041667
111 7 0.041667
181 7 0.041667
9 8 0.025
10 8 0.025
14 8 0.025
15 8 0.025
18 8 0.025
19 8 0.025
20 8 0.025
26 8 0.025
27 8 0.025
28 8 0.025
34 8 0.025
35 8 0.025
36 8 0.025
41 8 0.025
42 8 0.025
43 8 0.025
49 8 0.025
56 8 0.025
82 8 0.025
87 8 0.025
89 8 0.025
97 8 0.025
104 8 0.025
111 8 0.025
119 8 0.025
125 8 0.025
126 8 0.025
135 8 0.025
138 8 0.025
142 8 0.025
143 8 0.025
145 8 0.025
158 8 0.025
163 8 0.025
174 8 0.025
10 9 0.02381
11 9 0.02381
12 9 0.02381
13 9 0.02381
14 9 0.02381
17 9 0.02381
22 9 0.02381
25 9 0.02381
28 9 0.02381
31 9 0.02381
33 9 0.02381
37 9 0.02381
38 9 0.02381
40 9 0.02381
44 9 0.02381
45 9 0.02381
46 9 0.02381
49 9 0.02381
56 9 0.02381
57 9 0.02381
58 9 0.02381
67 9 0.02381
75 9 0.02381
85 9 0.02381
87 9 0.02381
96 9 0.02381
99 9 0.02381
100 9 0.02381
102 9 0.02381
114 9 0.02381
117 9 0.02381
122 9 0.02381
129 9 0.02381
132 9 0.02381
137 9 0.02381
158 9 0.02381
190 9 0.02381
11 10 0.030303
12 10 0.030303
17 10 0.030303
21 10 0.030303
22 10 0.030303
29 10 0.030303
33 10 0.030303
34 10 0.030303
35 10 0.030303
52 10 0.030303
56 10 0.030303
71 10 0.030303
75 10 0.030303
83 10 0.030303
90 10 0.030303
117 10 0.030303
122 10 0.030303
125 10 0.030303
132 10 0.030303
144 10 0.030303
146 10 0.030303
150 10 0.030303
169 10 0.030303
171 10 0.030303
177 10 0.030303
178 10 0.030303
188 10 0.030303
190 10 0.030303
13 11 0.043478
14 11 0.043478
15 11 0.043478
16 11 0.043478
20 11 0.043478
29 11 0.043478
31 11 0.043478
57 11 0.043478
58 11 0.043478
72 11 0.043478
83 11 0.043478
85 11 0.043478
92 11 0.043478
100 11 0.043478
106 11 0.043478
107 11 0.043478
177 11 0.043478
190 11 0.043478
18 12 0.045455
21 12 0.045455
30 12 0.045455
37 12 0.045455
38 12 0.045455
45 12 0.045455
57 12 0.045455
60 12 0.045455
66 12 0.045455
77 12 0.045455
79 12 0.045455
92 12 0.045455
114 12 0.045455
137 12 0.045455
141 12 0.045455
145 12 0.045455
162 12 0.045455
15 13 0.04
23 13 0.04
29 13 0.04
32 13 0.04
48 13 0.04
59 13 0.04
61 13 0.04
78 13 0.04
91 13 0.04
93 13 0.04
95 13 0.04
96 13 0.04
118 13 0.04
125 13 0.04
148 13 0.04
164 13 0.04
166 13 0.04
168 13 0.04
191 13 0.04
192 13 0.04
16 14 0.052632
17 14 0.052632
59 14 0.052632
97 14 0.052632
100 14 0.052632
123 14 0.052632
128 14 0.052632
130 14 0.052632
132 14 0.052632
134 14 0.052632
138 14 0.052632
144 14 0.052632
175 14 0.052632
187 14 0.052632
23 15 0.083333
43 15 0.083333
55 15 0.083333
65 15 0.083333
107 15 0.083333
152 15 0.083333
166 15 0.083333
17 16 0.047619
23 16 0.047619
31 16 0.047619
36 16 0.047619
37 16 0.047619
43 16 0.047619
49 16 0.047619
61 16 0.047619
63 16 0.047619
65 16 0.047619
68 16 0.047619
85 16 0.047619
97 16 0.047619
159 16 0.047619
181 16 0.047619
183 16 0.047619
24 17 0.071429
32 17 0.071429
40 17 0.071429
73 17 0.071429
121 17 0.071429
145 17 0.071429
155 17 0.071429
184 17 0.071429
188 17 0.071429
21 18 0.052632
24 18 0.052632
26 18 0.052632
30 18 0.052632
41 18 0.052632
52 18 0.052632
77 18 0.052632
79 18 0.052632
110 18 0.052632
140 18 0.052632
143 18 0.052632
150 18 0.052632
169 18 0.052632
182 18 0.052632
35 19 0.055556
39 19 0.055556
48 19 0.055556
63 19 0.055556
81 19 0.055556
82 19 0.055556
101 19 0.055556
104 19 0.055556
120 19 0.055556
127 19 0.055556
131 19 0.055556
158 19 0.055556
172 19 0.055556
33 20 0.055556
38 20 0.055556
39 20 0.055556
42 20 0.055556
46 20 0.055556
47 20 0.055556
97 20 0.055556
103 20 0.055556
107 20 0.055556
110 20 0.055556
174 20 0.055556
181 20 0.055556
183 20 0.055556
23 21 0.037037
25 21 0.037037
26 21 0.037037
32 21 0.037037
34 21 0.037037
50 21 0.037037
52 21 0.037037
61 21 0.037037
62 21 0.037037
64 21 0.037037
70 21 0.037037
71 21 0.037037
74 21 0.037037
84 21 0.037037
86 21 0.037037
98 21 0.037037
103 21 0.037037
104 21 0.037037
113 21 0.037037
154 21 0.037037
186 21 0.037037
188 21 0.037037
23 22 0.058824
40 22 0.058824
51 22 0.058824
57 22 0.058824
69 22 0.058824
93 22 0.058824
118 22 0.058824
122 22 0.058824
134 22 0.058824
168 22 0.058824
188 22 0.058824
189 22 0.058824
31 23 0.076923
34 23 0.076923
37 23 0.076923
62 23 0.076923
91 23 0.076923
118 23 0.076923
139 23 0.076923
182 23 0.076923
30 24 0.066667
39 24 0.066667
50 24 0.066667
53 24 0.066667
69 24 0.066667
70 24 0.066667
88 24 0.066667
94 24 0.066667
103 24 0.066667
110 24 0.066667
27 25 0.041667
36 25 0.041667
41 25 0.041667
47 25 0.041667
50 25 0.041667
54 25 0.041667
56 25 0.041667
70 25 0.041667
76 25 0.041667
82 25 0.041667
92 25 0.041667
107 25 0.041667
122 25 0.041667
124 25 0.041667
143 25 0.041667
152 25 0.041667
155 25 0.041667
176 25 0.041667
182 25 0.041667
37 26 0.071429
53 26 0.071429
54 26 0.071429
61 26 0.071429
78 26 0.071429
83 26 0.071429
158 26 0.071429
161 26 0.071429
192 26 0.071429
29 27 0.052632
39 27 0.052632
49 27 0.052632
50 27 0.052632
60 27 0.052632
62 27 0.052632
83 27 0.052632
102 27 0.052632
109 27 0.052632
137 27 0.052632
141 27 0.052632
157 27 0.052632
176 27 0.052632
186 27 0.052632
40 28 0.1
86 28 0.1
124 28 0.1
146 28 0.1
186 28 0.1
30 29 0.090909
32 29 0.090909
47 29 0.090909
63 29 0.090909
80 29 0.090909
125 29 0.090909
45 30 0.090909
46 30 0.090909
59 30 0.090909
88 30 0.090909
120 30 0.090909
179 30 0.090909
59 31 0.0625
73 31 0.0625
90 31 0.0625
95 31 0.0625
109 31 0.0625
115 31 0.0625
117 31 0.0625
119 31 0.0625
124 31 0.0625
147 31 0.0625
165 31 0.0625
33 32 0.1
76 32 0.1
77 32 0.1
85 32 0.1
170 32 0.1
51 33 0.066667
63 33 0.066667
65 33 0.066667
66 33 0.066667
69 33 0.066667
88 33 0.066667
106 33 0.066667
133 33 0.066667
137 33 0.066667
168 33 0.066667
109 34 0.1
129 34 0.1
130 34 0.1
185 34 0.1
192 34 0.1
76 35 0.1
90 35 0.1
100 35 0.1
149 35 0.1
167 35 0.1
80 36 0.142857
97 36 0.142857
38 37 0.076923
53 37 0.076923
55 37 0.076923
67 37 0.076923
87 37 0.076923
105 37 0.076923
106 37 0.076923
117 37 0.076923
71 38 0.125
165 38 0.125
166 38 0.125
40 39 0.05
48 39 0.05
51 39 0.05
85 39 0.05
93 39 0.05
111 39 0.05
121 39 0.05
133 39 0.05
134 39 0.05
141 39 0.05
154 39 0.05
160 39 0.05
171 39 0.05
176 39 0.05
183 39 0.05
46 40 0.076923
54 40 0.076923
55 40 0.076923
72 40 0.076923
78 40 0.076923
94 40 0.076923
163 40 0.076923
167 40 0.076923
44 42 0.066667
47 42 0.066667
48 42 0.066667
56 42 0.066667
66 42 0.066667
92 42 0.066667
96 42 0.066667
123 42 0.066667
162 42 0.066667
181 42 0.066667
58 43 0.076923
60 43 0.076923
68 43 0.076923
88 43 0.076923
99 43 0.076923
116 43 0.076923
127 43 0.076923
148 43 0.076923
58 44 0.125
101 44 0.125
169 44 0.125
80 45 0.090909
112 45 0.090909
113 45 0.090909
116 45 0.090909
126 45 0.090909
165 45 0.090909
94 46 0.142857
122 46 0.142857
64 47 0.142857
177 47 0.142857
60 48 0.066667
61 48 0.066667
64 48 0.066667
80 48 0.066667
91 48 0.066667
108 48 0.066667
121 48 0.066667
142 48 0.066667
145 48 0.066667
162 48 0.066667
67 49 0.076923
75 49 0.076923
81 49 0.076923
82 49 0.076923
86 49 0.076923
109 49 0.076923
112 49 0.076923
152 49 0.076923
67 50 0.090909
70 50 0.090909
106 50 0.090909
108 50 0.090909
169 50 0.090909
173 50 0.090909
53 51 0.043478
55 51 0.043478
69 51 0.043478
74 51 0.043478
92 51 0.043478
115 51 0.043478
128 51 0.043478
136 51 0.043478
138 51 0.043478
147 51 0.043478
149 51 0.043478
153 51 0.043478
154 51 0.043478
168 51 0.043478
177 51 0.043478
179 51 0.043478
184 51 0.043478
185 51 0.043478
112 52 0.142857
162 52 0.142857
151 53 0.111111
170 53 0.111111
172 53 0.111111
178 53 0.111111
64 54 0.1
71 54 0.1
129 54 0.1
130 54 0.1
156 54 0.1
66 55 0.055556
73 55 0.055556
76 55 0.055556
91 55 0.055556
105 55 0.055556
109 55 0.055556
111 55 0.055556
115 55 0.055556
127 55 0.055556
137 55 0.055556
141 55 0.055556
168 55 0.055556
182 55 0.055556
69 56 0.111111
72 56 0.111111
101 56 0.111111
175 56 0.111111
105 57 0.125
120 57 0.125
167 57 0.125
62 58 0.111111
110 58 0.111111
124 58 0.111111
159 58 0.111111
74 59 0.1
94 59 0.1
129 59 0.1
136 59 0.1
150 59 0.1
94 60 0.111111
139 60 0.111111
142 60 0.111111
180 60 0.111111
102 61 0.125
136 61 0.125
167 61 0.125
65 62 0.111111
84 62 0.111111
173 62 0.111111
185 62 0.111111
88 63 0.142857
127 63 0.142857
93 64 0.166667
84 65 0.111111
119 65 0.111111
174 65 0.111111
181 65 0.111111
78 66 0.142857
81 66 0.142857
70 67 0.1
87 67 0.1
135 67 0.1
144 67 0.1
192 67 0.1
72 68 0.166667
75 71 0.083333
77 71 0.083333
135 71 0.083333
139 71 0.083333
156 71 0.083333
164 71 0.083333
179 71 0.083333
89 72 0.166667
100 73 0.142857
108 73 0.142857
161 74 0.166667
128 75 0.166667
98 76 0.125
114 76 0.125
161 76 0.125
79 77 0.1
82 77 0.1
87 77 0.1
140 77 0.1
151 77 0.1
108 78 0.142857
138 78 0.142857
120 79 0.125
131 79 0.125
190 79 0.125
95 80 0.111111
103 80 0.111111
119 80 0.111111
143 80 0.111111
84 81 0.1
95 81 0.1
125 81 0.1
158 81 0.1
175 81 0.1
151 82 0.125
155 82 0.125
172 82 0.125
126 83 0.142857
183 83 0.142857
101 84 0.142857
160 84 0.142857
108 86 0.125
118 86 0.125
144 86 0.125
104 87 0.142857
146 87 0.142857
116 88 0.111111
129 88 0.111111
153 88 0.111111
180 88 0.111111
103 89 0.142857
165 89 0.142857
102 90 0.1
135 90 0.1
148 90 0.1
180 90 0.1
187 90 0.1
96 91 0.1
112 91 0.1
114 91 0.1
127 91 0.1
163 91 0.1
99 92 0.090909
111 92 0.090909
148 92 0.090909
157 92 0.090909
171 92 0.090909
174 92 0.090909
142 93 0.142857
176 93 0.142857
98 94 0.1
128 94 0.1
146 94 0.1
153 94 0.1
157 94 0.1
98 96 0.111111
123 96 0.111111
132 96 0.111111
192 96 0.111111
119 97 0.142857
164 97 0.142857
156 98 0.125
170 98 0.125
178 98 0.125
131 100 0.1
149 100 0.1
156 100 0.1
175 100 0.1
185 100 0.1
126 102 0.111111
133 102 0.111111
155 102 0.111111
164 102 0.111111
121 103 0.142857
145 103 0.142857
106 104 0.166667
112 105 0.125
113 105 0.125
133 105 0.125
131 106 0.125
144 106 0.125
191 106 0.125
132 107 0.166667
114 108 0.125
130 108 0.125
179 108 0.125
162 109 0.166667
116 110 0.142857
189 110 0.142857
159 111 0.166667
138 112 0.142857
163 112 0.142857
130 113 0.166667
134 114 0.1
147 114 0.1
160 114 0.1
172 114 0.1
177 114 0.1
116 115 0.090909
142 115 0.090909
154 115 0.090909
157 115 0.090909
172 115 0.090909
191 115 0.090909
124 117 0.1
166 117 0.1
170 117 0.1
187 117 0.1
189 117 0.1
134 119 0.166667
150 120 0.142857
167 120 0.142857
170 122 0.142857
191 122 0.142857
184 124 0.142857
189 124 0.142857
136 127 0.142857
146 127 0.142857
140 128 0.142857
180 128 0.142857
133 131 0.142857
151 131 0.142857
136 132 0.125
152 132 0.125
154 132 0.125
155 133 0.166667
153 134 0.166667
140 135 0.142857
164 135 0.142857
149 136 0.166667
143 138 0.125
150 138 0.125
156 138 0.125
148 143 0.166667
160 146 0.166667
153 147 0.166667
174 148 0.166667
173 149 0.166667
165 152 0.142857
178 152 0.142857
173 157 0.166667
184 159 0.166667
180 161 0.166667
184 163 0.166667
171 165 0.166667
186 167 0.166667
169 168 0.166667
176 172 0.166667
186 176 0.166667
188 178 0.166667
