0 5 0.025
0 7 0.05
0 9 0.028571
0 27 0.111111
0 30 0.076923
0 61 0.166667
0 67 0.125
0 71 0.142857
0 75 0.125
0 82 0.2
0 83 0.166667
1 5 0.025
1 6 0.035714
1 8 0.035714
1 9 0.028571
1 10 0.038462
1 15 0.04
1 18 0.052632
1 19 0.066667
1 21 0.1
1 23 0.125
1 29 0.125
1 31 0.125
1 34 0.142857
1 38 0.090909
1 43 0.090909
1 45 0.125
1 49 0.090909
1 50 0.142857
1 54 0.111111
1 57 0.166667
1 60 0.090909
1 72 0.142857
1 73 0.166667
1 85 0.166667
1 94 0.166667
1 97 0.2
1 98 0.2
2 5 0.025
2 6 0.035714
2 12 0.05
2 17 0.05
2 19 0.066667
2 25 0.090909
2 30 0.076923
2 81 0.166667
2 98 0.2
2 102 0.2
3 5 0.025
3 6 0.035714
3 7 0.05
3 8 0.035714
3 11 0.0625
3 12 0.05
3 16 0.052632
3 20 0.071429
3 34 0.142857
3 35 0.166667
3 47 0.111111
3 61 0.166667
3 65 0.166667
3 66 0.125
3 67 0.125
3 72 0.142857
3 82 0.2
3 90 0.166667
4 5 0.025
4 6 0.035714
4 7 0.05
4 9 0.028571
4 13 0.047619
4 15 0.04
4 17 0.05
4 18 0.052632
4 21 0.1
4 23 0.125
4 31 0.125
4 37 0.076923
4 46 0.071429
4 53 0.166667
4 59 0.125
4 73 0.166667
4 75 0.125
4 80 0.166667
4 83 0.166667
4 85 0.166667
4 86 0.2
4 88 0.166667
4 94 0.166667
4 105 0.2
4 107 0.2
5 6 0.035714
5 7 0.05
5 8 0.035714
5 10 0.038462
5 11 0.0625
5 13 0.047619
5 16 0.052632
5 19 0.066667
5 20 0.071429
5 24 0.111111
5 25 0.090909
5 28 0.142857
5 29 0.125
5 30 0.076923
5 31 0.125
5 32 0.166667
5 34 0.142857
5 38 0.090909
5 41 0.142857
5 45 0.125
5 47 0.111111
5 48 0.142857
5 51 0.142857
5 52 0.166667
5 53 0.166667
5 66 0.125
5 67 0.125
5 72 0.142857
5 77 0.166667
5 91 0.2
5 93 0.166667
5 104 0.166667
5 108 0.2
5 110 0.2
5 111 0.2
6 7 0.05
6 8 0.035714
6 9 0.028571
6 10 0.038462
6 13 0.047619
6 14 0.058824
6 20 0.071429
6 22 0.071429
6 24 0.111111
6 31 0.125
6 39 0.066667
6 42 0.142857
6 44 0.142857
6 45 0.125
6 46 0.071429
6 49 0.090909
6 51 0.142857
6 58 0.2
6 68 0.142857
6 80 0.166667
6 100 0.2
6 101 0.2
6 111 0.2
7 8 0.035714
7 9 0.028571
7 10 0.038462
7 11 0.0625
7 12 0.05
7 16 0.052632
7 17 0.05
7 18 0.052632
7 24 0.111111
7 37 0.076923
7 40 0.142857
7 51 0.142857
7 67 0.125
7 71 0.142857
7 84 0.125
8 11 0.0625
8 12 0.05
8 13 0.047619
8 14 0.058824
8 15 0.04
8 16 0.052632
8 26 0.083333
8 31 0.125
8 33 0.1
8 41 0.142857
8 45 0.125
8 49 0.090909
8 53 0.166667
8 63 0.166667
8 71 0.142857
8 77 0.166667
8 78 0.166667
8 93 0.166667
8 95 0.2
8 99 0.2
8 101 0.2
8 104 0.166667
8 114 0.2
9 10 0.038462
9 11 0.0625
9 13 0.047619
9 14 0.058824
9 15 0.04
9 17 0.05
9 21 0.1
9 25 0.090909
9 28 0.142857
9 29 0.125
9 30 0.076923
9 32 0.166667
9 35 0.166667
9 42 0.142857
9 44 0.142857
9 56 0.166667
9 65 0.166667
9 69 0.2
9 70 0.166667
9 73 0.166667
9 78 0.166667
9 81 0.166667
9 85 0.166667
9 86 0.2
9 95 0.2
9 100 0.2
9 106 0.2
9 107 0.2
9 110 0.2
9 111 0.2
10 12 0.05
10 20 0.071429
10 21 0.1
10 28 0.142857
10 29 0.125
10 33 0.1
10 35 0.166667
10 37 0.076923
10 39 0.066667
10 40 0.142857
10 47 0.111111
10 50 0.142857
10 61 0.166667
10 64 0.2
10 65 0.166667
10 70 0.166667
10 72 0.142857
10 79 0.142857
10 83 0.166667
10 89 0.166667
10 97 0.2
11 22 0.071429
11 46 0.071429
11 55 0.125
11 57 0.166667
11 60 0.090909
11 68 0.142857
11 73 0.166667
11 95 0.2
11 96 0.2
11 115 0.2
11 116 0.2
12 14 0.058824
12 15 0.04
12 19 0.066667
12 24 0.111111
12 25 0.090909
12 32 0.166667
12 39 0.066667
12 49 0.090909
12 62 0.111111
12 66 0.125
12 77 0.166667
12 81 0.166667
12 84 0.125
12 87 0.142857
12 94 0.166667
13 14 0.058824
13 17 0.05
13 18 0.052632
13 22 0.071429
13 26 0.083333
13 27 0.111111
13 33 0.1
13 34 0.142857
13 38 0.090909
13 42 0.142857
13 48 0.142857
13 50 0.142857
13 57 0.166667
13 64 0.2
13 82 0.2
13 91 0.2
14 16 0.052632
14 18 0.052632
14 23 0.125
14 36 0.142857
14 38 0.090909
14 41 0.142857
14 51 0.142857
14 74 0.166667
14 81 0.166667
14 94 0.166667
14 101 0.2
14 109 0.166667
15 24 0.111111
15 26 0.083333
15 27 0.111111
15 37 0.076923
15 43 0.090909
15 44 0.142857
15 50 0.142857
15 55 0.125
15 56 0.166667
15 60 0.090909
15 69 0.2
15 71 0.142857
15 76 0.2
15 89 0.166667
15 92 0.2
15 105 0.2
15 112 0.2
15 113 0.2
15 114 0.2
15 118 0.2
16 22 0.071429
16 28 0.142857
16 38 0.090909
16 55 0.125
16 58 0.2
16 59 0.125
16 62 0.111111
16 64 0.2
16 66 0.125
16 68 0.142857
16 75 0.125
16 80 0.166667
16 82 0.2
16 107 0.2
17 19 0.066667
17 20 0.071429
17 26 0.083333
17 32 0.166667
17 37 0.076923
17 46 0.071429
17 53 0.166667
17 62 0.111111
17 63 0.166667
17 74 0.166667
17 80 0.166667
17 89 0.166667
17 90 0.166667
17 102 0.2
17 105 0.2
18 21 0.1
18 27 0.111111
18 32 0.166667
18 34 0.142857
18 35 0.166667
18 42 0.142857
18 43 0.090909
18 55 0.125
18 58 0.2
18 60 0.090909
18 76 0.2
18 84 0.125
18 88 0.166667
18 97 0.2
19 22 0.071429
19 25 0.090909
19 30 0.076923
19 33 0.1
19 35 0.166667
19 65 0.166667
19 91 0.2
19 103 0.2
19 109 0.166667
19 111 0.2
20 23 0.125
20 27 0.111111
20 28 0.142857
20 36 0.142857
20 44 0.142857
20 45 0.125
20 86 0.2
20 88 0.166667
20 116 0.2
21 23 0.125
21 52 0.166667
21 54 0.111111
21 68 0.142857
21 115 0.2
22 33 0.1
22 36 0.142857
22 49 0.090909
22 88 0.166667
22 89 0.166667
22 99 0.2
22 103 0.2
22 108 0.2
22 115 0.2
23 76 0.2
23 113 0.2
23 114 0.2
24 36 0.142857
24 51 0.142857
24 52 0.166667
24 98 0.2
25 26 0.083333
25 29 0.125
25 53 0.166667
25 107 0.2
25 115 0.2
25 118 0.2
26 36 0.142857
26 40 0.142857
26 43 0.090909
26 55 0.125
26 58 0.2
26 76 0.2
26 79 0.142857
27 39 0.066667
27 63 0.166667
27 83 0.166667
27 116 0.2
28 47 0.111111
28 104 0.166667
29 67 0.125
29 68 0.142857
29 83 0.166667
30 39 0.066667
30 52 0.166667
30 70 0.166667
30 74 0.166667
30 95 0.2
30 97 0.2
30 106 0.2
30 117 0.2
31 41 0.142857
31 76 0.2
31 102 0.2
32 40 0.142857
33 46 0.071429
33 54 0.111111
33 77 0.166667
33 103 0.2
33 108 0.2
34 59 0.125
34 85 0.166667
35 94 0.166667
36 48 0.142857
36 112 0.2
37 60 0.090909
37 71 0.142857
37 72 0.142857
37 89 0.166667
37 92 0.2
37 98 0.2
37 100 0.2
37 109 0.166667
38 43 0.090909
38 80 0.166667
38 87 0.142857
38 111 0.2
38 114 0.2
38 117 0.2
39 40 0.142857
39 42 0.142857
39 50 0.142857
39 56 0.166667
39 57 0.166667
39 59 0.125
39 62 0.111111
39 79 0.142857
39 88 0.166667
39 99 0.2
40 41 0.142857
40 112 0.2
41 77 0.166667
41 86 0.2
42 44 0.142857
42 59 0.125
43 61 0.166667
43 62 0.111111
43 63 0.166667
43 69 0.2
43 70 0.166667
43 108 0.2
44 48 0.142857
44 79 0.142857
45 73 0.166667
45 98 0.2
45 103 0.2
46 47 0.111111
46 48 0.142857
46 54 0.111111
46 61 0.166667
46 66 0.125
46 84 0.125
46 110 0.2
46 114 0.2
46 118 0.2
47 56 0.166667
47 87 0.142857
47 100 0.2
47 112 0.2
48 54 0.111111
48 116 0.2
49 52 0.166667
49 69 0.2
49 97 0.2
49 106 0.2
49 109 0.166667
49 113 0.2
50 78 0.166667
50 96 0.2
51 65 0.166667
51 74 0.166667
52 56 0.166667
53 70 0.166667
54 57 0.166667
54 99 0.2
54 104 0.166667
54 105 0.2
55 86 0.2
55 87 0.142857
55 107 0.2
56 58 0.2
57 90 0.166667
59 64 0.2
59 101 0.2
59 115 0.2
60 69 0.2
60 75 0.125
60 81 0.166667
60 91 0.2
60 93 0.166667
60 118 0.2
61 93 0.166667
62 63 0.166667
62 64 0.2
62 100 0.2
62 103 0.2
63 78 0.166667
65 102 0.2
66 74 0.166667
66 90 0.166667
66 108 0.2
67 82 0.2
67 104 0.166667
67 112 0.2
68 92 0.2
68 110 0.2
70 79 0.142857
71 78 0.166667
71 117 0.2
72 75 0.125
72 106 0.2
73 92 0.2
74 96 0.2
75 93 0.166667
75 95 0.2
75 101 0.2
77 90 0.166667
78 91 0.2
79 84 0.125
79 106 0.2
80 109 0.166667
81 85 0.166667
83 113 0.2
84 87 0.142857
84 92 0.2
84 96 0.2
85 113 0.2
87 96 0.2
87 105 0.2
88 118 0.2
89 102 0.2
90 99 0.2
93 116 0.2
94 117 0.2
104 117 0.2
109 110 0.2
5 0 0.090909
7 0 0.090909
9 0 0.090909
27 0 0.090909
30 0 0.090909
61 0 0.090909
67 0 0.090909
71 0 0.090909
75 0 0.090909
82 0 0.090909
83 0 0.090909
5 1 0.037037
6 1 0.037037
8 1 0.037037
9 1 0.037037
10 1 0.037037
15 1 0.037037
18 1 0.037037
19 1 0.037037
21 1 0.037037
23 1 0.037037
29 1 0.037037
31 1 0.037037
34 1 0.037037
38 1 0.037037
43 1 0.037037
45 1 0.037037
49 1 0.037037
50 1 0.037037
54 1 0.037037
57 1 0.037037
60 1 0.037037
72 1 0.037037
73 1 0.037037
85 1 0.037037
94 1 0.037037
97 1 0.037037
98 1 0.037037
5 2 0.1
6 2 0.1
12 2 0.1
17 2 0.1
19 2 0.1
25 2 0.1
30 2 0.1
81 2 0.1
98 2 0.1
102 2 0.1
5 3 0.055556
6 3 0.055556
7 3 0.055556
8 3 0.055556
11 3 0.055556
12 3 0.055556
16 3 0.055556
20 3 0.055556
34 3 0.055556
35 3 0.055556
47 3 0.055556
61 3 0.055556
65 3 0.055556
66 3 0.055556
67 3 0.055556
72 3 0.055556
82 3 0.055556
90 3 0.055556
5 4 0.04
6 4 0.04
7 4 0.04
9 4 0.04
13 4 0.04
15 4 0.04
17 4 0.04
18 4 0.04
21 4 0.04
23 4 0.04
31 4 0.04
37 4 0.04
46 4 0.04
53 4 0.04
59 4 0.04
73 4 0.04
75 4 0.04
80 4 0.04
83 4 0.04
85 4 0.04
86 4 0.04
88 4 0.04
94 4 0.04
105 4 0.04
107 4 0.04
6 5 0.025
7 5 0.025
8 5 0.025
10 5 0.025
11 5 0.025
13 5 0.025
16 5 0.025
19 5 0.025
20 5 0.025
24 5 0.025
25 5 0.025
28 5 0.025
29 5 0.025
30 5 0.025
31 5 0.025
32 5 0.025
34 5 0.025
38 5 0.025
41 5 0.025
45 5 0.025
47 5 0.025
48 5 0.025
51 5 0.025
52 5 0.025
53 5 0.025
66 5 0.025
67 5 0.025
72 5 0.025
77 5 0.025
91 5 0.025
93 5 0.025
104 5 0.025
108 5 0.025
110 5 0.025
111 5 0.025
7 6 0.035714
8 6 0.035714
9 6 0.035714
10 6 0.035714
13 6 0.035714
14 6 0.035714
20 6 0.035714
22 6 0.035714
24 6 0.035714
31 6 0.035714
39 6 0.035714
42 6 0.035714
44 6 0.035714
45 6 0.035714
46 6 0.035714
49 6 0.035714
51 6 0.035714
58 6 0.035714
68 6 0.035714
80 6 0.035714
100 6 0.035714
101 6 0.035714
111 6 0.035714
8 7 0.05
9 7 0.05
10 7 0.05
11 7 0.05
12 7 0.05
16 7 0.05
17 7 0.05
18 7 0.05
24 7 0.05
37 7 0.05
40 7 0.05
51 7 0.05
67 7 0.05
71 7 0.05
84 7 0.05
11 8 0.035714
12 8 0.035714
13 8 0.035714
14 8 0.035714
15 8 0.035714
16 8 0.035714
26 8 0.035714
31 8 0.035714
33 8 0.035714
41 8 0.035714
45 8 0.035714
49 8 0.035714
53 8 0.035714
63 8 0.035714
71 8 0.035714
77 8 0.035714
78 8 0.035714
93 8 0.035714
95 8 0.035714
99 8 0.035714
101 8 0.035714
104 8 0.035714
114 8 0.035714
10 9 0.028571
11 9 0.028571
13 9 0.028571
14 9 0.028571
15 9 0.028571
17 9 0.028571
21 9 0.028571
25 9 0.028571
28 9 0.028571
29 9 0.028571
30 9 0.028571
32 9 0.028571
35 9 0.028571
42 9 0.028571
44 9 0.028571
56 9 0.028571
65 9 0.028571
69 9 0.028571
70 9 0.028571
73 9 0.028571
78 9 0.028571
81 9 0.028571
85 9 0.028571
86 9 0.028571
95 9 0.028571
100 9 0.028571
106 9 0.028571
107 9 0.028571
110 9 0.028571
111 9 0.028571
12 10 0.038462
20 10 0.038462
21 10 0.038462
28 10 0.038462
29 10 0.038462
33 10 0.038462
35 10 0.038462
37 10 0.038462
39 10 0.038462
40 10 0.038462
47 10 0.038462
50 10 0.038462
61 10 0.038462
64 10 0.038462
65 10 0.038462
70 10 0.038462
72 10 0.038462
79 10 0.038462
83 10 0.038462
89 10 0.038462
97 10 0.038462
22 11 0.0625
46 11 0.0625
55 11 0.0625
57 11 0.0625
60 11 0.0625
68 11 0.0625
73 11 0.0625
95 11 0.0625
96 11 0.0625
115 11 0.0625
116 11 0.0625
14 12 0.05
15 12 0.05
19 12 0.05
24 12 0.05
25 12 0.05
32 12 0.05
39 12 0.05
49 12 0.05
62 12 0.05
66 12 0.05
77 12 0.05
81 12 0.05
84 12 0.05
87 12 0.05
94 12 0.05
14 13 0.047619
17 13 0.047619
18 13 0.047619
22 13 0.047619
26 13 0.047619
27 13 0.047619
33 13 0.047619
34 13 0.047619
38 13 0.047619
42 13 0.047619
48 13 0.047619
50 13 0.047619
57 13 0.047619
64 13 0.047619
82 13 0.047619
91 13 0.047619
16 14 0.058824
18 14 0.058824
23 14 0.058824
36 14 0.058824
38 14 0.058824
41 14 0.058824
51 14 0.058824
74 14 0.058824
81 14 0.058824
94 14 0.058824
101 14 0.058824
109 14 0.058824
24 15 0.04
26 15 0.04
27 15 0.04
37 15 0.04
43 15 0.04
44 15 0.04
50 15 0.04
55 15 0.04
56 15 0.04
60 15 0.04
69 15 0.04
71 15 0.04
76 15 0.04
89 15 0.04
92 15 0.04
105 15 0.04
112 15 0.04
113 15 0.04
114 15 0.04
118 15 0.04
22 16 0.052632
28 16 0.052632
38 16 0.052632
55 16 0.052632
58 16 0.052632
59 16 0.052632
62 16 0.052632
64 16 0.052632
66 16 0.052632
68 16 0.052632
75 16 0.052632
80 16 0.052632
82 16 0.052632
107 16 0.052632
19 17 0.05
20 17 0.05
26 17 0.05
32 17 0.05
37 17 0.05
46 17 0.05
53 17 0.05
62 17 0.05
63 17 0.05
74 17 0.05
80 17 0.05
89 17 0.05
90 17 0.05
102 17 0.05
105 17 0.05
21 18 0.052632
27 18 0.052632
32 18 0.052632
34 18 0.052632
35 18 0.052632
42 18 0.052632
43 18 0.052632
55 18 0.052632
58 18 0.052632
60 18 0.052632
76 18 0.052632
84 18 0.052632
88 18 0.052632
97 18 0.052632
22 19 0.066667
25 19 0.066667
30 19 0.066667
33 19 0.066667
35 19 0.066667
65 19 0.066667
91 19 0.066667
103 19 0.066667
109 19 0.066667
111 19 0.066667
23 20 0.071429
27 20 0.071429
28 20 0.071429
36 20 0.071429
44 20 0.071429
45 20 0.071429
86 20 0.071429
88 20 0.071429
116 20 0.071429
23 21 0.1
52 21 0.1
54 21 0.1
68 21 0.1
115 21 0.1
33 22 0.071429
36 22 0.071429
49 22 0.071429
88 22 0.071429
89 22 0.071429
99 22 0.071429
103 22 0.071429
108 22 0.071429
115 22 0.071429
76 23 0.125
113 23 0.125
114 23 0.125
36 24 0.111111
51 24 0.111111
52 24 0.111111
98 24 0.111111
26 25 0.090909
29 25 0.090909
53 25 0.090909
107 25 0.090909
115 25 0.090909
118 25 0.090909
36 26 0.083333
40 26 0.083333
43 26 0.083333
55 26 0.083333
58 26 0.083333
76 26 0.083333
79 26 0.083333
39 27 0.111111
63 27 0.111111
83 27 0.111111
116 27 0.111111
47 28 0.142857
104 28 0.142857
67 29 0.125
68 29 0.125
83 29 0.125
39 30 0.076923
52 30 0.076923
70 30 0.076923
74 30 0.076923
95 30 0.076923
97 30 0.076923
106 30 0.076923
117 30 0.076923
41 31 0.125
76 31 0.125
102 31 0.125
40 32 0.166667
46 33 0.1
54 33 0.1
77 33 0.1
103 33 0.1
108 33 0.1
59 34 0.142857
85 34 0.142857
94 35 0.166667
48 36 0.142857
112 36 0.142857
60 37 0.076923
71 37 0.076923
72 37 0.076923
89 37 0.076923
92 37 0.076923
98 37 0.076923
100 37 0.076923
109 37 0.076923
43 38 0.090909
80 38 0.090909
87 38 0.090909
111 38 0.090909
114 38 0.090909
117 38 0.090909
40 39 0.066667
42 39 0.066667
50 39 0.066667
56 39 0.066667
57 39 0.066667
59 39 0.066667
62 39 0.066667
79 39 0.066667
88 39 0.066667
99 39 0.066667
41 40 0.142857
112 40 0.142857
77 41 0.142857
86 41 0.142857
44 42 0.142857
59 42 0.142857
61 43 0.090909
62 43 0.090909
63 43 0.090909
69 43 0.090909
70 43 0.090909
108 43 0.090909
48 44 0.142857
79 44 0.142857
73 45 0.125
98 45 0.125
103 45 0.125
47 46 0.071429
48 46 0.071429
54 46 0.071429
61 46 0.071429
66 46 0.071429
84 46 0.071429
110 46 0.071429
114 46 0.071429
118 46 0.071429
56 47 0.111111
87 47 0.111111
100 47 0.111111
112 47 0.111111
54 48 0.142857
116 48 0.142857
52 49 0.090909
69 49 0.090909
97 49 0.090909
106 49 0.090909
109 49 0.090909
113 49 0.090909
78 50 0.142857
96 50 0.142857
65 51 0.142857
74 51 0.142857
56 52 0.166667
70 53 0.166667
57 54 0.111111
99 54 0.111111
104 54 0.111111
105 54 0.111111
86 55 0.125
87 55 0.125
107 55 0.125
58 56 0.166667
90 57 0.166667
64 59 0.125
101 59 0.125
115 59 0.125
69 60 0.090909
75 60 0.090909
81 60 0.090909
91 60 0.090909
93 60 0.090909
118 60 0.090909
93 61 0.166667
63 62 0.111111
64 62 0.111111
100 62 0.111111
103 62 0.111111
78 63 0.166667
102 65 0.166667
74 66 0.125
90 66 0.125
108 66 0.125
82 67 0.125
104 67 0.125
112 67 0.125
92 68 0.142857
110 68 0.142857
79 70 0.166667
78 71 0.142857
117 71 0.142857
75 72 0.142857
106 72 0.142857
92 73 0.166667
96 74 0.166667
93 75 0.125
95 75 0.125
101 75 0.125
90 77 0.166667
91 78 0.166667
84 79 0.142857
106 79 0.142857
109 80 0.166667
85 81 0.166667
113 83 0.166667
87 84 0.125
92 84 0.125
96 84 0.125
113 85 0.166667
96 87 0.142857
105 87 0.142857
118 88 0.166667
102 89 0.166667
99 90 0.166667
116 93 0.166667
117 94 0.166667
117 104 0.166667
110 109 0.166667
