0 5 0.033333
0 6 0.021277
0 7 0.043478
0 15 0.090909
0 17 0.083333
0 25 0.045455
0 28 0.111111
0 43 0.076923
0 44 0.142857
0 48 0.071429
0 50 0.111111
0 52 0.166667
0 60 0.125
0 63 0.142857
0 67 0.111111
0 68 0.166667
0 79 0.142857
0 81 0.111111
0 89 0.166667
0 95 0.2
0 98 0.166667
0 120 0.166667
0 140 0.2
0 161 0.2
1 5 0.033333
1 6 0.021277
1 8 0.026316
1 9 0.02439
1 16 0.052632
1 18 0.058824
1 19 0.058824
1 22 0.071429
1 24 0.066667
1 27 0.058824
1 41 0.2
1 47 0.166667
1 54 0.1
1 64 0.166667
1 68 0.166667
1 71 0.1
1 81 0.111111
1 96 0.125
1 99 0.2
1 101 0.2
1 105 0.125
1 123 0.2
1 128 0.166667
1 139 0.2
1 147 0.166667
2 5 0.033333
2 6 0.021277
2 7 0.043478
2 9 0.02439
2 13 0.05
2 16 0.052632
2 18 0.058824
2 19 0.058824
2 20 0.066667
2 21 0.04
2 22 0.071429
2 24 0.066667
2 28 0.111111
2 36 0.142857
2 41 0.2
2 52 0.166667
2 53 0.166667
2 159 0.2
2 161 0.2
3 5 0.033333
3 7 0.043478
3 8 0.026316
3 19 0.058824
3 35 0.111111
3 44 0.142857
3 89 0.166667
3 90 0.125
3 105 0.125
3 113 0.166667
3 121 0.2
3 131 0.142857
3 135 0.166667
4 5 0.033333
4 6 0.021277
4 10 0.037037
4 11 0.047619
4 12 0.047619
4 13 0.05
4 14 0.058824
4 19 0.058824
4 20 0.066667
4 27 0.058824
4 29 0.090909
4 35 0.111111
4 42 0.076923
4 46 0.142857
4 51 0.055556
4 54 0.1
4 59 0.1
4 62 0.142857
4 73 0.142857
4 74 0.166667
4 99 0.2
4 115 0.111111
4 117 0.166667
4 123 0.2
4 147 0.166667
5 6 0.021277
5 7 0.043478
5 8 0.026316
5 9 0.02439
5 10 0.037037
5 12 0.047619
5 20 0.066667
5 25 0.045455
5 26 0.076923
5 42 0.076923
5 43 0.076923
5 44 0.142857
5 57 0.142857
5 66 0.142857
5 68 0.166667
5 73 0.142857
5 86 0.125
5 90 0.125
5 91 0.111111
5 113 0.166667
5 115 0.111111
5 118 0.2
5 141 0.2
5 149 0.2
5 160 0.2
6 7 0.043478
6 8 0.026316
6 9 0.02439
6 11 0.047619
6 12 0.047619
6 13 0.05
6 14 0.058824
6 15 0.090909
6 16 0.052632
6 18 0.058824
6 21 0.04
6 26 0.076923
6 27 0.058824
6 28 0.111111
6 32 0.111111
6 33 0.071429
6 36 0.142857
6 38 0.166667
6 42 0.076923
6 45 0.1
6 55 0.0625
6 58 0.111111
6 65 0.142857
6 72 0.166667
6 75 0.166667
6 76 0.125
6 77 0.1
6 78 0.142857
6 79 0.142857
6 80 0.111111
6 84 0.142857
6 86 0.125
6 102 0.125
6 104 0.166667
6 107 0.166667
6 110 0.166667
6 126 0.2
6 139 0.2
6 151 0.2
6 152 0.2
6 157 0.2
6 159 0.2
7 8 0.026316
7 10 0.037037
7 11 0.047619
7 22 0.071429
7 24 0.066667
7 25 0.045455
7 30 0.1
7 31 0.066667
7 34 0.125
7 39 0.058824
7 45 0.1
7 49 0.076923
7 51 0.055556
7 74 0.166667
7 83 0.166667
7 89 0.166667
7 93 0.166667
7 111 0.166667
8 9 0.02439
8 10 0.037037
8 14 0.058824
8 15 0.090909
8 18 0.058824
8 19 0.058824
8 20 0.066667
8 26 0.076923
8 27 0.058824
8 28 0.111111
8 34 0.125
8 35 0.111111
8 36 0.142857
8 41 0.2
8 42 0.076923
8 43 0.076923
8 49 0.076923
8 56 0.125
8 82 0.142857
8 87 0.142857
8 89 0.166667
8 97 0.166667
8 104 0.166667
8 111 0.166667
8 119 0.166667
8 125 0.2
8 126 0.2
8 135 0.166667
8 138 0.125
8 142 0.2
8 143 0.166667
8 145 0.2
8 158 0.2
9 10 0.037037
9 11 0.047619
9 12 0.047619
9 13 0.05
9 14 0.058824
9 17 0.083333
9 22 0.071429
9 25 0.045455
9 28 0.111111
9 31 0.066667
9 33 0.071429
9 37 0.076923
9 38 0.166667
9 40 0.090909
9 44 0.142857
9 45 0.1
9 46 0.142857
9 49 0.076923
9 56 0.125
9 57 0.142857
9 58 0.111111
9 67 0.111111
9 75 0.166667
9 85 0.2
9 87 0.142857
9 96 0.125
9 99 0.2
9 100 0.125
9 102 0.125
9 114 0.125
9 117 0.166667
9 122 0.2
9 129 0.2
9 132 0.125
9 137 0.2
9 158 0.2
10 11 0.047619
10 12 0.047619
10 17 0.083333
10 21 0.04
10 22 0.071429
10 29 0.090909
10 33 0.071429
10 34 0.125
10 35 0.111111
10 52 0.166667
10 56 0.125
10 71 0.1
10 75 0.166667
10 83 0.166667
10 90 0.125
10 117 0.166667
10 122 0.2
10 125 0.2
10 132 0.125
10 144 0.2
10 146 0.166667
10 150 0.2
11 13 0.05
11 14 0.058824
11 15 0.090909
11 16 0.052632
11 20 0.066667
11 29 0.090909
11 31 0.066667
11 57 0.142857
11 58 0.111111
11 72 0.166667
11 83 0.166667
11 85 0.2
11 92 0.111111
11 100 0.125
11 106 0.142857
11 107 0.166667
12 18 0.058824
12 21 0.04
12 30 0.1
12 37 0.076923
12 38 0.166667
12 45 0.1
12 57 0.142857
12 60 0.125
12 66 0.142857
12 77 0.1
12 79 0.142857
12 92 0.111111
12 114 0.125
12 137 0.2
12 141 0.2
12 145 0.2
13 15 0.090909
13 23 0.083333
13 29 0.090909
13 32 0.111111
13 48 0.071429
13 59 0.1
13 61 0.142857
13 78 0.142857
13 91 0.111111
13 93 0.166667
13 95 0.2
13 96 0.125
13 118 0.2
13 125 0.2
13 148 0.2
14 16 0.052632
14 17 0.083333
14 59 0.1
14 97 0.166667
14 100 0.125
14 123 0.2
14 128 0.166667
14 130 0.2
14 132 0.125
14 134 0.166667
14 138 0.125
14 144 0.2
15 23 0.083333
15 43 0.076923
15 55 0.0625
15 65 0.142857
15 107 0.166667
15 152 0.2
16 17 0.083333
16 23 0.083333
16 31 0.066667
16 36 0.142857
16 37 0.076923
16 43 0.076923
16 49 0.076923
16 61 0.142857
16 63 0.142857
16 65 0.142857
16 68 0.166667
16 85 0.2
16 97 0.166667
16 159 0.2
17 24 0.066667
17 32 0.111111
17 40 0.090909
17 73 0.142857
17 121 0.2
17 145 0.2
17 155 0.2
18 21 0.04
18 24 0.066667
18 26 0.076923
18 30 0.1
18 41 0.2
18 52 0.166667
18 77 0.1
18 79 0.142857
18 110 0.166667
18 140 0.2
18 143 0.166667
18 150 0.2
19 35 0.111111
19 39 0.058824
19 48 0.071429
19 63 0.142857
19 81 0.111111
19 82 0.142857
19 101 0.2
19 104 0.166667
19 120 0.166667
19 127 0.142857
19 131 0.142857
19 158 0.2
20 33 0.071429
20 38 0.166667
20 39 0.058824
20 42 0.076923
20 46 0.142857
20 47 0.166667
20 97 0.166667
20 103 0.142857
20 107 0.166667
20 110 0.166667
21 23 0.083333
21 25 0.045455
21 26 0.076923
21 32 0.111111
21 34 0.125
21 50 0.111111
21 52 0.166667
21 61 0.142857
21 62 0.142857
21 64 0.166667
21 70 0.2
21 71 0.1
21 74 0.166667
21 84 0.142857
21 86 0.125
21 98 0.166667
21 103 0.142857
21 104 0.166667
21 113 0.166667
21 154 0.2
22 23 0.083333
22 40 0.090909
22 51 0.055556
22 57 0.142857
22 69 0.2
22 93 0.166667
22 118 0.2
22 122 0.2
22 134 0.166667
23 31 0.066667
23 34 0.125
23 37 0.076923
23 62 0.142857
23 91 0.111111
23 118 0.2
23 139 0.2
24 30 0.1
24 39 0.058824
24 50 0.111111
24 53 0.166667
24 69 0.2
24 70 0.2
24 88 0.125
24 94 0.1
24 103 0.142857
24 110 0.166667
25 27 0.058824
25 36 0.142857
25 41 0.2
25 47 0.166667
25 50 0.111111
25 54 0.1
25 56 0.125
25 70 0.2
25 76 0.125
25 82 0.142857
25 92 0.111111
25 107 0.166667
25 122 0.2
25 124 0.2
25 143 0.166667
25 152 0.2
25 155 0.2
26 37 0.076923
26 53 0.166667
26 54 0.1
26 61 0.142857
26 78 0.142857
26 83 0.166667
26 158 0.2
26 161 0.2
27 29 0.090909
27 39 0.058824
27 49 0.076923
27 50 0.111111
27 60 0.125
27 62 0.142857
27 83 0.166667
27 102 0.125
27 109 0.2
27 137 0.2
27 141 0.2
27 157 0.2
28 40 0.090909
28 86 0.125
28 124 0.2
28 146 0.166667
29 30 0.1
29 32 0.111111
29 47 0.166667
29 63 0.142857
29 80 0.111111
29 125 0.2
30 45 0.1
30 46 0.142857
30 59 0.1
30 88 0.125
30 120 0.166667
31 59 0.1
31 73 0.142857
31 90 0.125
31 95 0.2
31 109 0.2
31 115 0.111111
31 117 0.166667
31 119 0.166667
31 124 0.2
31 147 0.166667
32 33 0.071429
32 76 0.125
32 77 0.1
32 85 0.2
33 51 0.055556
33 63 0.142857
33 65 0.142857
33 66 0.142857
33 69 0.2
33 88 0.125
33 106 0.142857
33 133 0.166667
33 137 0.2
34 109 0.2
34 129 0.2
34 130 0.2
35 76 0.125
35 90 0.125
35 100 0.125
35 149 0.2
36 80 0.111111
36 97 0.166667
37 38 0.166667
37 53 0.166667
37 55 0.0625
37 67 0.111111
37 87 0.142857
37 105 0.125
37 106 0.142857
37 117 0.166667
38 71 0.1
39 40 0.090909
39 48 0.071429
39 51 0.055556
39 85 0.2
39 93 0.166667
39 111 0.166667
39 121 0.2
39 133 0.166667
39 134 0.166667
39 141 0.2
39 154 0.2
39 160 0.2
40 46 0.142857
40 54 0.1
40 55 0.0625
40 72 0.166667
40 78 0.142857
40 94 0.1
42 44 0.142857
42 47 0.166667
42 48 0.071429
42 56 0.125
42 66 0.142857
42 92 0.111111
42 96 0.125
42 123 0.2
43 58 0.111111
43 60 0.125
43 68 0.166667
43 88 0.125
43 99 0.2
43 116 0.2
43 127 0.142857
43 148 0.2
44 58 0.111111
44 101 0.2
45 80 0.111111
45 112 0.166667
45 113 0.166667
45 116 0.2
45 126 0.2
46 94 0.1
46 122 0.2
47 64 0.166667
48 60 0.125
48 61 0.142857
48 64 0.166667
48 80 0.111111
48 91 0.111111
48 108 0.142857
48 121 0.2
48 142 0.2
48 145 0.2
49 67 0.111111
49 75 0.166667
49 81 0.111111
49 82 0.142857
49 86 0.125
49 109 0.2
49 112 0.166667
49 152 0.2
50 67 0.111111
50 70 0.2
50 106 0.142857
50 108 0.142857
51 53 0.166667
51 55 0.0625
51 69 0.2
51 74 0.166667
51 92 0.111111
51 115 0.111111
51 128 0.166667
51 136 0.166667
51 138 0.125
51 147 0.166667
51 149 0.2
51 153 0.2
51 154 0.2
52 112 0.166667
53 151 0.2
54 64 0.166667
54 71 0.1
54 129 0.2
54 130 0.2
54 156 0.2
55 66 0.142857
55 73 0.142857
55 76 0.125
55 91 0.111111
55 105 0.125
55 109 0.2
55 111 0.166667
55 115 0.111111
55 127 0.142857
55 137 0.2
55 141 0.2
56 69 0.2
56 72 0.166667
56 101 0.2
57 105 0.125
57 120 0.166667
58 62 0.142857
58 110 0.166667
58 124 0.2
58 159 0.2
59 74 0.166667
59 94 0.1
59 129 0.2
59 136 0.166667
59 150 0.2
60 94 0.1
60 139 0.2
60 142 0.2
61 102 0.125
61 136 0.166667
62 65 0.142857
62 84 0.142857
63 88 0.125
63 127 0.142857
64 93 0.166667
65 84 0.142857
65 119 0.166667
66 78 0.142857
66 81 0.111111
67 70 0.2
67 87 0.142857
67 135 0.166667
67 144 0.2
68 72 0.166667
71 75 0.166667
71 77 0.1
71 135 0.166667
71 139 0.2
71 156 0.2
72 89 0.166667
73 100 0.125
73 108 0.142857
74 161 0.2
75 128 0.166667
76 98 0.166667
76 114 0.125
76 161 0.2
77 79 0.142857
77 82 0.142857
77 87 0.142857
77 140 0.2
77 151 0.2
78 108 0.142857
78 138 0.125
79 120 0.166667
79 131 0.142857
80 95 0.2
80 103 0.142857
80 119 0.166667
80 143 0.166667
81 84 0.142857
81 95 0.2
81 125 0.2
81 158 0.2
82 151 0.2
82 155 0.2
83 126 0.2
84 101 0.2
84 160 0.2
86 108 0.142857
86 118 0.2
86 144 0.2
87 104 0.166667
87 146 0.166667
88 116 0.2
88 129 0.2
88 153 0.2
89 103 0.142857
90 102 0.125
90 135 0.166667
90 148 0.2
91 96 0.125
91 112 0.166667
91 114 0.125
91 127 0.142857
92 99 0.2
92 111 0.166667
92 148 0.2
92 157 0.2
93 142 0.2
94 98 0.166667
94 128 0.166667
94 146 0.166667
94 153 0.2
94 157 0.2
96 98 0.166667
96 123 0.2
96 132 0.125
97 119 0.166667
98 156 0.2
100 131 0.142857
100 149 0.2
100 156 0.2
102 126 0.2
102 133 0.166667
102 155 0.2
103 121 0.2
103 145 0.2
104 106 0.142857
105 112 0.166667
105 113 0.166667
105 133 0.166667
106 131 0.142857
106 144 0.2
107 132 0.125
108 114 0.125
108 130 0.2
110 116 0.2
111 159 0.2
112 138 0.125
113 130 0.2
114 134 0.166667
114 147 0.166667
114 160 0.2
115 116 0.2
115 142 0.2
115 154 0.2
115 157 0.2
117 124 0.2
119 134 0.166667
120 150 0.2
127 136 0.166667
127 146 0.166667
128 140 0.2
131 133 0.166667
131 151 0.2
132 136 0.166667
132 152 0.2
132 154 0.2
133 155 0.2
134 153 0.2
135 140 0.2
136 149 0.2
138 143 0.166667
138 150 0.2
138 156 0.2
143 148 0.2
146 160 0.2
147 153 0.2
5 0 0.041667
6 0 0.041667
7 0 0.041667
15 0 0.041667
17 0 0.041667
25 0 0.041667
28 0 0.041667
43 0 0.041667
44 0 0.041667
48 0 0.041667
50 0 0.041667
52 0 0.041667
60 0 0.041667
63 0 0.041667
67 0 0.041667
68 0 0.041667
79 0 0.041667
81 0 0.041667
89 0 0.041667
95 0 0.041667
98 0 0.041667
120 0 0.041667
140 0 0.041667
161 0 0.041667
5 1 0.04
6 1 0.04
8 1 0.04
9 1 0.04
16 1 0.04
18 1 0.04
19 1 0.04
22 1 0.04
24 1 0.04
27 1 0.04
41 1 0.04
47 1 0.04
54 1 0.04
64 1 0.04
68 1 0.04
71 1 0.04
81 1 0.04
96 1 0.04
99 1 0.04
101 1 0.04
105 1 0.04
123 1 0.04
128 1 0.04
139 1 0.04
147 1 0.04
5 2 0.052632
6 2 0.052632
7 2 0.052632
9 2 0.052632
13 2 0.052632
16 2 0.052632
18 2 0.052632
19 2 0.052632
20 2 0.052632
21 2 0.052632
22 2 0.052632
24 2 0.052632
28 2 0.052632
36 2 0.052632
41 2 0.052632
52 2 0.052632
53 2 0.052632
159 2 0.052632
161 2 0.052632
5 3 0.076923
7 3 0.076923
8 3 0.076923
19 3 0.076923
35 3 0.076923
44 3 0.076923
89 3 0.076923
90 3 0.076923
105 3 0.076923
113 3 0.076923
121 3 0.076923
131 3 0.076923
135 3 0.076923
5 4 0.04
6 4 0.04
10 4 0.04
11 4 0.04
12 4 0.04
13 4 0.04
14 4 0.04
19 4 0.04
20 4 0.04
27 4 0.04
29 4 0.04
35 4 0.04
42 4 0.04
46 4 0.04
51 4 0.04
54 4 0.04
59 4 0.04
62 4 0.04
73 4 0.04
74 4 0.04
99 4 0.04
115 4 0.04
117 4 0.04
123 4 0.04
147 4 0.04
6 5 0.033333
7 5 0.033333
8 5 0.033333
9 5 0.033333
10 5 0.033333
12 5 0.033333
20 5 0.033333
25 5 0.033333
26 5 0.033333
42 5 0.033333
43 5 0.033333
44 5 0.033333
57 5 0.033333
66 5 0.033333
68 5 0.033333
73 5 0.033333
86 5 0.033333
90 5 0.033333
91 5 0.033333
113 5 0.033333
115 5 0.033333
118 5 0.033333
141 5 0.033333
149 5 0.033333
160 5 0.033333
7 6 0.021277
8 6 0.021277
9 6 0.021277
11 6 0.021277
12 6 0.021277
13 6 0.021277
14 6 0.021277
15 6 0.021277
16 6 0.021277
18 6 0.021277
21 6 0.021277
26 6 0.021277
27 6 0.021277
28 6 0.021277
32 6 0.021277
33 6 0.021277
36 6 0.021277
38 6 0.021277
42 6 0.021277
45 6 0.021277
55 6 0.021277
58 6 0.021277
65 6 0.021277
72 6 0.021277
75 6 0.021277
76 6 0.021277
77 6 0.021277
78 6 0.021277
79 6 0.021277
80 6 0.021277
84 6 0.021277
86 6 0.021277
102 6 0.021277
104 6 0.021277
107 6 0.021277
110 6 0.021277
126 6 0.021277
139 6 0.021277
151 6 0.021277
152 6 0.021277
157 6 0.021277
159 6 0.021277
8 7 0.043478
10 7 0.043478
11 7 0.043478
22 7 0.043478
24 7 0.043478
25 7 0.043478
30 7 0.043478
31 7 0.043478
34 7 0.043478
39 7 0.043478
45 7 0.043478
49 7 0.043478
51 7 0.043478
74 7 0.043478
83 7 0.043478
89 7 0.043478
93 7 0.043478
111 7 0.043478
9 8 0.026316
10 8 0.026316
14 8 0.026316
15 8 0.026316
18 8 0.026316
19 8 0.026316
20 8 0.026316
26 8 0.026316
27 8 0.026316
28 8 0.026316
34 8 0.026316
35 8 0.026316
36 8 0.026316
41 8 0.026316
42 8 0.026316
43 8 0.026316
49 8 0.026316
56 8 0.026316
82 8 0.026316
87 8 0.026316
89 8 0.026316
97 8 0.026316
104 8 0.026316
111 8 0.026316
119 8 0.026316
125 8 0.026316
126 8 0.026316
135 8 0.026316
138 8 0.026316
142 8 0.026316
143 8 0.026316
145 8 0.026316
158 8 0.026316
10 9 0.02439
11 9 0.02439
12 9 0.02439
13 9 0.02439
14 9 0.02439
17 9 0.02439
22 9 0.02439
25 9 0.02439
28 9 0.02439
31 9 0.02439
33 9 0.02439
37 9 0.02439
38 9 0.02439
40 9 0.02439
44 9 0.02439
45 9 0.02439
46 9 0.02439
49 9 0.02439
56 9 0.02439
57 9 0.02439
58 9 0.02439
67 9 0.02439
75 9 0.02439
85 9 0.02439
87 9 0.02439
96 9 0.02439
99 9 0.02439
100 9 0.02439
102 9 0.02439
114 9 0.02439
117 9 0.02439
122 9 0.02439
129 9 0.02439
132 9 0.02439
137 9 0.02439
158 9 0.02439
11 10 0.037037
12 10 0.037037
17 10 0.037037
21 10 0.037037
22 10 0.037037
29 10 0.037037
33 10 0.037037
34 10 0.037037
35 10 0.037037
52 10 0.037037
56 10 0.037037
71 10 0.037037
75 10 0.037037
83 10 0.037037
90 10 0.037037
117 10 0.037037
122 10 0.037037
125 10 0.037037
132 10 0.037037
144 10 0.037037
146 10 0.037037
150 10 0.037037
13 11 0.047619
14 11 0.047619
15 11 0.047619
16 11 0.047619
20 11 0.047619
29 11 0.047619
31 11 0.047619
57 11 0.047619
58 11 0.047619
72 11 0.047619
83 11 0.047619
85 11 0.047619
92 11 0.047619
100 11 0.047619
106 11 0.047619
107 11 0.047619
18 12 0.047619
21 12 0.047619
30 12 0.047619
37 12 0.047619
38 12 0.047619
45 12 0.047619
57 12 0.047619
60 12 0.047619
66 12 0.047619
77 12 0.047619
79 12 0.047619
92 12 0.047619
114 12 0.047619
137 12 0.047619
141 12 0.047619
145 12 0.047619
15 13 0.05
23 13 0.05
29 13 0.05
32 13 0.05
48 13 0.05
59 13 0.05
61 13 0.05
78 13 0.05
91 13 0.05
93 13 0.05
95 13 0.05
96 13 0.05
118 13 0.05
125 13 0.05
148 13 0.05
16 14 0.058824
17 14 0.058824
59 14 0.058824
97 14 0.058824
100 14 0.058824
123 14 0.058824
128 14 0.058824
130 14 0.058824
132 14 0.058824
134 14 0.058824
138 14 0.058824
144 14 0.058824
23 15 0.090909
43 15 0.090909
55 15 0.090909
65 15 0.090909
107 15 0.090909
152 15 0.090909
17 16 0.052632
23 16 0.052632
31 16 0.052632
36 16 0.052632
37 16 0.052632
43 16 0.052632
49 16 0.052632
61 16 0.052632
63 16 0.052632
65 16 0.052632
68 16 0.052632
85 16 0.052632
97 16 0.052632
159 16 0.052632
24 17 0.083333
32 17 0.083333
40 17 0.083333
73 17 0.083333
121 17 0.083333
145 17 0.083333
155 17 0.083333
21 18 0.058824
24 18 0.058824
26 18 0.058824
30 18 0.058824
41 18 0.058824
52 18 0.058824
77 18 0.058824
79 18 0.058824
110 18 0.058824
140 18 0.058824
143 18 0.058824
150 18 0.058824
35 19 0.058824
39 19 0.058824
48 19 0.058824
63 19 0.058824
81 19 0.058824
82 19 0.058824
101 19 0.058824
104 19 0.058824
120 19 0.058824
127 19 0.058824
131 19 0.058824
158 19 0.058824
33 20 0.066667
38 20 0.066667
39 20 0.066667
42 20 0.066667
46 20 0.066667
47 20 0.066667
97 20 0.066667
103 20 0.066667
107 20 0.066667
110 20 0.066667
23 21 0.04
25 21 0.04
26 21 0.04
32 21 0.04
34 21 0.04
50 21 0.04
52 21 0.04
61 21 0.04
62 21 0.04
64 21 0.04
70 21 0.04
71 21 0.04
74 21 0.04
84 21 0.04
86 21 0.04
98 21 0.04
103 21 0.04
104 21 0.04
113 21 0.04
154 21 0.04
23 22 0.071429
40 22 0.071429
51 22 0.071429
57 22 0.071429
69 22 0.071429
93 22 0.071429
118 22 0.071429
122 22 0.071429
134 22 0.071429
31 23 0.083333
34 23 0.083333
37 23 0.083333
62 23 0.083333
91 23 0.083333
118 23 0.083333
139 23 0.083333
30 24 0.066667
39 24 0.066667
50 24 0.066667
53 24 0.066667
69 24 0.066667
70 24 0.066667
88 24 0.066667
94 24 0.066667
103 24 0.066667
110 24 0.066667
27 25 0.045455
36 25 0.045455
41 25 0.045455
47 25 0.045455
50 25 0.045455
54 25 0.045455
56 25 0.045455
70 25 0.045455
76 25 0.045455
82 25 0.045455
92 25 0.045455
107 25 0.045455
122 25 0.045455
124 25 0.045455
143 25 0.045455
152 25 0.045455
155 25 0.045455
37 26 0.076923
53 26 0.076923
54 26 0.076923
61 26 0.076923
78 26 0.076923
83 26 0.076923
158 26 0.076923
161 26 0.076923
29 27 0.058824
39 27 0.058824
49 27 0.058824
50 27 0.058824
60 27 0.058824
62 27 0.058824
83 27 0.058824
102 27 0.058824
109 27 0.058824
137 27 0.058824
141 27 0.058824
157 27 0.058824
40 28 0.111111
86 28 0.111111
124 28 0.111111
146 28 0.111111
30 29 0.090909
32 29 0.090909
47 29 0.090909
63 29 0.090909
80 29 0.090909
125 29 0.090909
45 30 0.1
46 30 0.1
59 30 0.1
88 30 0.1
120 30 0.1
59 31 0.066667
73 31 0.066667
90 31 0.066667
95 31 0.066667
109 31 0.066667
115 31 0.066667
117 31 0.066667
119 31 0.066667
124 31 0.066667
147 31 0.066667
33 32 0.111111
76 32 0.111111
77 32 0.111111
85 32 0.111111
51 33 0.071429
63 33 0.071429
65 33 0.071429
66 33 0.071429
69 33 0.071429
88 33 0.071429
106 33 0.071429
133 33 0.071429
137 33 0.071429
109 34 0.125
129 34 0.125
130 34 0.125
76 35 0.111111
90 35 0.111111
100 35 0.111111
149 35 0.111111
80 36 0.142857
97 36 0.142857
38 37 0.076923
53 37 0.076923
55 37 0.076923
67 37 0.076923
87 37 0.076923
105 37 0.076923
106 37 0.076923
117 37 0.076923
71 38 0.166667
40 39 0.058824
48 39 0.058824
51 39 0.058824
85 39 0.058824
93 39 0.058824
111 39 0.058824
121 39 0.058824
133 39 0.058824
134 39 0.058824
141 39 0.058824
154 39 0.058824
160 39 0.058824
46 40 0.090909
54 40 0.090909
55 40 0.090909
72 40 0.090909
78 40 0.090909
94 40 0.090909
44 42 0.076923
47 42 0.076923
48 42 0.076923
56 42 0.076923
66 42 0.076923
92 42 0.076923
96 42 0.076923
123 42 0.076923
58 43 0.076923
60 43 0.076923
68 43 0.076923
88 43 0.076923
99 43 0.076923
116 43 0.076923
127 43 0.076923
148 43 0.076923
58 44 0.142857
101 44 0.142857
80 45 0.1
112 45 0.1
113 45 0.1
116 45 0.1
126 45 0.1
94 46 0.142857
122 46 0.142857
64 47 0.166667
60 48 0.071429
61 48 0.071429
64 48 0.071429
80 48 0.071429
91 48 0.071429
108 48 0.071429
121 48 0.071429
142 48 0.071429
145 48 0.071429
67 49 0.076923
75 49 0.076923
81 49 0.076923
82 49 0.076923
86 49 0.076923
109 49 0.076923
112 49 0.076923
152 49 0.076923
67 50 0.111111
70 50 0.111111
106 50 0.111111
108 50 0.111111
53 51 0.055556
55 51 0.055556
69 51 0.055556
74 51 0.055556
92 51 0.055556
115 51 0.055556
128 51 0.055556
136 51 0.055556
138 51 0.055556
147 51 0.055556
149 51 0.055556
153 51 0.055556
154 51 0.055556
112 52 0.166667
151 53 0.166667
64 54 0.1
71 54 0.1
129 54 0.1
130 54 0.1
156 54 0.1
66 55 0.0625
73 55 0.0625
76 55 0.0625
91 55 0.0625
105 55 0.0625
109 55 0.0625
111 55 0.0625
115 55 0.0625
127 55 0.0625
137 55 0.0625
141 55 0.0625
69 56 0.125
72 56 0.125
101 56 0.125
105 57 0.142857
120 57 0.142857
62 58 0.111111
110 58 0.111111
124 58 0.111111
159 58 0.111111
74 59 0.1
94 59 0.1
129 59 0.1
136 59 0.1
150 59 0.1
94 60 0.125
139 60 0.125
142 60 0.125
102 61 0.142857
136 61 0.142857
65 62 0.142857
84 62 0.142857
88 63 0.142857
127 63 0.142857
93 64 0.166667
84 65 0.142857
119 65 0.142857
78 66 0.142857
81 66 0.142857
70 67 0.111111
87 67 0.111111
135 67 0.111111
144 67 0.111111
72 68 0.166667
75 71 0.1
77 71 0.1
135 71 0.1
139 71 0.1
156 71 0.1
89 72 0.166667
100 73 0.142857
108 73 0.142857
161 74 0.166667
128 75 0.166667
98 76 0.125
114 76 0.125
161 76 0.125
79 77 0.1
82 77 0.1
87 77 0.1
140 77 0.1
151 77 0.1
108 78 0.142857
138 78 0.142857
120 79 0.142857
131 79 0.142857
95 80 0.111111
103 80 0.111111
119 80 0.111111
143 80 0.111111
84 81 0.111111
95 81 0.111111
125 81 0.111111
158 81 0.111111
151 82 0.142857
155 82 0.142857
126 83 0.166667
101 84 0.142857
160 84 0.142857
108 86 0.125
118 86 0.125
144 86 0.125
104 87 0.142857
146 87 0.142857
116 88 0.125
129 88 0.125
153 88 0.125
103 89 0.166667
102 90 0.125
135 90 0.125
148 90 0.125
96 91 0.111111
112 91 0.111111
114 91 0.111111
127 91 0.111111
99 92 0.111111
111 92 0.111111
148 92 0.111111
157 92 0.111111
142 93 0.166667
98 94 0.1
128 94 0.1
146 94 0.1
153 94 0.1
157 94 0.1
98 96 0.125
123 96 0.125
132 96 0.125
119 97 0.166667
156 98 0.166667
131 100 0.125
149 100 0.125
156 100 0.125
126 102 0.125
133 102 0.125
155 102 0.125
121 103 0.142857
145 103 0.142857
106 104 0.166667
112 105 0.125
113 105 0.125
133 105 0.125
131 106 0.142857
144 106 0.142857
132 107 0.166667
114 108 0.142857
130 108 0.142857
116 110 0.166667
159 111 0.166667
138 112 0.166667
130 113 0.166667
134 114 0.125
147 114 0.125
160 114 0.125
116 115 0.111111
142 115 0.111111
154 115 0.111111
157 115 0.111111
124 117 0.166667
134 119 0.166667
150 120 0.166667
136 127 0.142857
146 127 0.142857
140 128 0.166667
133 131 0.142857
151 131 0.142857
136 132 0.125
152 132 0.125
154 132 0.125
155 133 0.166667
153 134 0.166667
140 135 0.166667
149 136 0.166667
143 138 0.125
150 138 0.125
156 138 0.125
148 143 0.166667
160 146 0.166667
153 147 0.166667
